<<<<<<< HEAD
version https://git-lfs.github.com/spec/v1
oid sha256:813c74e00890871ecc8908395c710b25b4d187621aa95d96ac9406fded1be09b
size 61073
=======
MANDINAME,DATE,ARRIVAL,MIN,MAX,PRICE
AGRA,02/06/2007,400.0,400.0,500.0,490.0
AGRA,04/06/2007,450.0,440.0,510.0,475.0
AGRA,05/06/2007,460.0,450.0,500.0,480.0
AGRA,06/06/2007,450.0,,,
AGRA,07/06/2007,450.0,475.0,515.0,500.0
AGRA,08/06/2007,480.0,500.0,540.0,520.0
AGRA,09/06/2007,510.0,500.0,575.0,525.0
AGRA,11/06/2007,560.0,500.0,550.0,525.0
AGRA,12/06/2007,600.0,500.0,560.0,525.0
AGRA,13/06/2007,680.0,500.0,550.0,525.0
AGRA,14/06/2007,750.0,500.0,550.0,530.0
AGRA,15/06/2007,700.0,500.0,550.0,535.0
AGRA,16/06/2007,750.0,500.0,550.0,535.0
AGRA,18/06/2007,850.0,500.0,550.0,525.0
AGRA,19/06/2007,900.0,500.0,550.0,525.0
AGRA,20/06/2007,930.0,500.0,550.0,520.0
AGRA,21/06/2007,970.0,500.0,575.0,530.0
AGRA,22/06/2007,1000.0,500.0,550.0,520.0
AGRA,23/06/2007,1050.0,500.0,550.0,525.0
AGRA,25/06/2007,950.0,500.0,550.0,540.0
AGRA,26/06/2007,900.0,525.0,575.0,550.0
ALIGARH,01/06/2007,60.0,500.0,600.0,560.0
ALIGARH,02/06/2007,55.0,520.0,600.0,570.0
ALIGARH,04/06/2007,45.0,525.0,600.0,560.0
ALIGARH,05/06/2007,50.0,530.0,600.0,550.0
ALIGARH,06/06/2007,55.0,540.0,600.0,560.0
ALIGARH,07/06/2007,70.0,550.0,600.0,570.0
ALIGARH,08/06/2007,75.0,555.0,600.0,575.0
ALIGARH,09/06/2007,50.0,,,
ALIGARH,11/06/2007,55.0,500.0,600.0,560.0
ALIGARH,13/06/2007,45.0,500.0,600.0,550.0
ALIGARH,14/06/2007,50.0,500.0,600.0,560.0
ALIGARH,15/06/2007,45.0,510.0,600.0,560.0
ALIGARH,16/06/2007,35.0,,,
ALIGARH,19/06/2007,65.0,520.0,600.0,580.0
ALIGARH,20/06/2007,55.0,520.0,600.0,570.0
ALIGARH,21/06/2007,45.0,530.0,600.0,575.0
ALIGARH,22/06/2007,35.0,550.0,600.0,570.0
ALIGARH,23/06/2007,30.0,,,
ALIGARH,25/06/2007,45.0,550.0,630.0,590.0
ALIGARH,26/06/2007,55.0,550.0,635.0,585.0
ALIGARH,27/06/2007,50.0,550.0,635.0,580.0
ALIGARH,28/06/2007,65.0,550.0,635.0,580.0
ALIGARH,29/06/2007,55.0,560.0,625.0,590.0
ALLAHABAD,01/06/2007,50.0,,,
ALLAHABAD,02/06/2007,40.0,,,650.0
ALLAHABAD,06/06/2007,80.0,,,650.0
ALLAHABAD,07/06/2007,60.0,,,650.0
ALLAHABAD,11/06/2007,70.0,,,650.0
ALLAHABAD,14/06/2007,50.0,,,660.0
ALLAHABAD,15/06/2007,80.0,,,660.0
ALLAHABAD,18/06/2007,120.0,,,660.0
ALLAHABAD,23/06/2007,100.0,,,700.0
ALLAHABAD,25/06/2007,70.0,,,700.0
AZAMGARH,02/06/2007,20.0,700.0,700.0,700.0
AZAMGARH,04/06/2007,20.0,700.0,700.0,700.0
AZAMGARH,05/06/2007,20.0,700.0,700.0,700.0
AZAMGARH,06/06/2007,20.0,700.0,700.0,700.0
AZAMGARH,08/06/2007,20.0,700.0,700.0,700.0
AZAMGARH,11/06/2007,20.0,700.0,700.0,700.0
AZAMGARH,12/06/2007,20.0,700.0,700.0,700.0
AZAMGARH,14/06/2007,20.0,700.0,700.0,700.0
AZAMGARH,18/06/2007,20.0,700.0,700.0,700.0
AZAMGARH,19/06/2007,20.0,700.0,700.0,700.0
AZAMGARH,20/06/2007,20.0,750.0,750.0,750.0
AZAMGARH,21/06/2007,20.0,700.0,700.0,700.0
AZAMGARH,22/06/2007,20.0,700.0,700.0,700.0
AZAMGARH,25/06/2007,20.0,750.0,750.0,750.0
AZAMGARH,26/06/2007,20.0,750.0,750.0,750.0
AZAMGARH,27/06/2007,20.0,750.0,750.0,750.0
AZAMGARH,28/06/2007,20.0,750.0,750.0,750.0
AZAMGARH,29/06/2007,25.0,750.0,750.0,750.0
AZAMGARH,30/06/2007,25.0,,,
BADAYOUN,03/06/2007,29.0,535.0,560.0,540.0
BADAYOUN,04/06/2007,27.0,535.0,560.0,545.0
BADAYOUN,05/06/2007,35.0,535.0,560.0,540.0
BADAYOUN,06/06/2007,32.0,540.0,575.0,550.0
BADAYOUN,07/06/2007,31.0,540.0,575.0,550.0
BADAYOUN,08/06/2007,28.0,540.0,565.0,552.0
BADAYOUN,09/06/2007,26.0,550.0,575.0,565.0
BADAYOUN,10/06/2007,27.0,570.0,600.0,575.0
BADAYOUN,11/06/2007,25.0,575.0,600.0,580.0
BADAYOUN,12/06/2007,23.0,570.0,600.0,585.0
BADAYOUN,13/06/2007,25.0,575.0,600.0,590.0
BADAYOUN,14/06/2007,35.0,575.0,600.0,582.0
BADAYOUN,15/06/2007,30.0,575.0,600.0,586.0
BADAYOUN,16/06/2007,40.0,560.0,600.0,578.0
BADAYOUN,17/06/2007,32.0,560.0,590.0,575.0
BADAYOUN,18/06/2007,28.0,570.0,600.0,575.0
BADAYOUN,19/06/2007,35.0,570.0,600.0,580.0
BADAYOUN,20/06/2007,32.0,580.0,610.0,590.0
BADAYOUN,21/06/2007,40.0,565.0,600.0,582.0
BADAYOUN,22/06/2007,43.0,565.0,600.0,580.0
BADAYOUN,23/06/2007,38.0,570.0,600.0,590.0
BADAYOUN,24/06/2007,30.0,570.0,600.0,590.0
BADAYOUN,25/06/2007,27.0,570.0,600.0,585.0
BADAYOUN,26/06/2007,35.0,570.0,600.0,583.0
BADAYOUN,27/06/2007,33.0,575.0,600.0,590.0
BADAYOUN,28/06/2007,29.0,580.0,610.0,600.0
BADAYOUN,29/06/2007,32.5,580.0,610.0,595.0
BADAYOUN,30/06/2007,30.0,580.0,615.0,600.0
BAHRAICH,01/06/2007,25.0,600.0,650.0,615.0
BAHRAICH,02/06/2007,23.0,610.0,650.0,620.0
BAHRAICH,04/06/2007,22.0,610.0,650.0,620.0
BAHRAICH,05/06/2007,20.0,600.0,650.0,620.0
BAHRAICH,06/06/2007,25.0,610.0,650.0,620.0
BAHRAICH,07/06/2007,25.0,610.0,700.0,615.0
BAHRAICH,08/06/2007,30.0,620.0,680.0,635.0
BAHRAICH,09/06/2007,25.0,625.0,680.0,650.0
BAHRAICH,11/06/2007,18.0,650.0,700.0,660.0
BAHRAICH,12/06/2007,21.0,620.0,680.0,640.0
BAHRAICH,13/06/2007,22.0,630.0,700.0,635.0
BAHRAICH,14/06/2007,20.0,620.0,700.0,630.0
BAHRAICH,15/06/2007,13.5,625.0,700.0,640.0
BAHRAICH,16/06/2007,20.0,650.0,700.0,650.0
BAHRAICH,18/06/2007,20.0,650.0,700.0,650.0
BAHRAICH,19/06/2007,23.0,630.0,700.0,650.0
BAHRAICH,20/06/2007,20.0,630.0,700.0,650.0
BAHRAICH,21/06/2007,10.0,650.0,700.0,675.0
BAHRAICH,22/06/2007,10.0,650.0,700.0,675.0
BAHRAICH,23/06/2007,10.0,650.0,700.0,670.0
BAHRAICH,25/06/2007,12.5,700.0,750.0,730.0
BAHRAICH,26/06/2007,15.0,650.0,750.0,735.0
BAHRAICH,27/06/2007,17.5,700.0,750.0,725.0
BAHRAICH,28/06/2007,20.0,650.0,725.0,700.0
BAHRAICH,29/06/2007,20.0,650.0,725.0,700.0
BAHRAICH,30/06/2007,15.0,650.0,725.0,700.0
BALLIA,01/06/2007,32.0,530.0,600.0,550.0
BALLIA,02/06/2007,30.0,540.0,600.0,560.0
BALLIA,04/06/2007,29.0,540.0,600.0,560.0
BALLIA,05/06/2007,34.0,540.0,580.0,560.0
BALLIA,06/06/2007,31.0,540.0,600.0,560.0
BALLIA,07/06/2007,41.5,550.0,580.0,560.0
BALLIA,08/06/2007,40.0,580.0,650.0,600.0
BALLIA,09/06/2007,26.0,590.0,620.0,600.0
BALLIA,11/06/2007,31.0,,,
BALLIA,12/06/2007,29.0,580.0,620.0,600.0
BALLIA,13/06/2007,28.0,570.0,650.0,600.0
BALLIA,14/06/2007,31.0,,,
BALLIA,15/06/2007,34.0,580.0,650.0,600.0
BALLIA,16/06/2007,29.0,630.0,680.0,650.0
BALLIA,18/06/2007,37.0,640.0,660.0,650.0
BALLIA,19/06/2007,42.5,640.0,670.0,650.0
BALLIA,20/06/2007,41.0,650.0,700.0,660.0
BALLIA,21/06/2007,38.0,650.0,670.0,660.0
BALLIA,22/06/2007,37.0,650.0,680.0,660.0
BALLIA,23/06/2007,34.0,690.0,725.0,700.0
BALLIA,25/06/2007,32.0,690.0,725.0,700.0
BALLIA,26/06/2007,2.0,680.0,750.0,700.0
BALLIA,27/06/2007,26.0,680.0,750.0,700.0
BALLIA,28/06/2007,31.0,680.0,725.0,700.0
BALLIA,29/06/2007,29.0,680.0,725.0,700.0
BALLIA,30/06/2007,26.0,690.0,725.0,700.0
BANDA,01/06/2007,40.0,,,590.0
BANDA,02/06/2007,37.0,,,580.0
BANDA,03/06/2007,36.0,,,585.0
BANDA,04/06/2007,18.0,,,520.0
BANDA,06/06/2007,37.0,,,580.0
BANDA,07/06/2007,31.0,,,
BANDA,08/06/2007,33.0,,,570.0
BANDA,09/06/2007,30.0,,,575.0
BANDA,10/06/2007,32.0,,,570.0
BANDA,11/06/2007,28.0,,,
BANDA,13/06/2007,33.0,,,575.0
BANDA,14/06/2007,37.0,,,580.0
BANDA,15/06/2007,44.0,,,585.0
BANDA,16/06/2007,40.0,,,580.0
BANDA,17/06/2007,40.5,,,590.0
BANDA,18/06/2007,37.0,,,590.0
BANDA,20/06/2007,36.0,,,595.0
BANDA,21/06/2007,21.0,,,510.0
BANDA,22/06/2007,36.0,,,600.0
BANDA,23/06/2007,38.0,,,630.0
BANDA,24/06/2007,38.0,,,630.0
BANDA,25/06/2007,39.0,,,650.0
BANDA,27/06/2007,39.0,,,660.0
BANDA,28/06/2007,40.0,,,660.0
BANDA,29/06/2007,36.0,,,670.0
BANDA,30/06/2007,31.0,,,660.0
BARABANKI,01/06/2007,20.0,500.0,580.0,550.0
BARABANKI,02/06/2007,18.0,500.0,580.0,560.0
BARABANKI,03/06/2007,16.0,500.0,590.0,570.0
BARABANKI,04/06/2007,19.0,500.0,590.0,570.0
BARABANKI,05/06/2007,17.0,510.0,600.0,580.0
BARABANKI,06/06/2007,20.0,500.0,600.0,570.0
BARABANKI,07/06/2007,20.0,530.0,600.0,550.0
BARABANKI,08/06/2007,15.0,540.0,600.0,560.0
BARABANKI,09/06/2007,24.0,550.0,600.0,570.0
BARABANKI,10/06/2007,19.0,540.0,610.0,560.0
BARABANKI,11/06/2007,20.0,540.0,600.0,570.0
BARABANKI,12/06/2007,22.0,540.0,600.0,560.0
BARABANKI,13/06/2007,20.0,550.0,600.0,570.0
BARABANKI,14/06/2007,10.0,600.0,640.0,610.0
BARABANKI,15/06/2007,18.0,600.0,650.0,610.0
BARABANKI,16/06/2007,24.0,590.0,660.0,600.0
BARABANKI,17/06/2007,20.0,580.0,670.0,600.0
BARABANKI,18/06/2007,18.0,590.0,670.0,610.0
BARABANKI,19/06/2007,24.0,590.0,680.0,610.0
BARABANKI,20/06/2007,18.0,590.0,690.0,620.0
BARABANKI,21/06/2007,20.0,560.0,640.0,600.0
BARABANKI,22/06/2007,18.0,560.0,630.0,600.0
BARABANKI,23/06/2007,25.0,570.0,640.0,600.0
BARABANKI,24/06/2007,30.0,550.0,610.0,580.0
BARABANKI,25/06/2007,20.0,540.0,600.0,570.0
BARABANKI,26/06/2007,30.0,540.0,600.0,570.0
BARABANKI,27/06/2007,22.0,540.0,600.0,580.0
BARABANKI,28/06/2007,26.0,540.0,610.0,580.0
BARABANKI,29/06/2007,22.0,540.0,610.0,590.0
BAREILLY,01/06/2007,90.0,500.0,600.0,540.0
BAREILLY,02/06/2007,75.0,500.0,600.0,545.0
BAREILLY,03/06/2007,70.0,500.0,600.0,550.0
BAREILLY,04/06/2007,98.0,525.0,600.0,560.0
BAREILLY,05/06/2007,80.0,500.0,600.0,550.0
BAREILLY,06/06/2007,95.0,550.0,600.0,565.0
BAREILLY,07/06/2007,78.0,525.0,600.0,560.0
BAREILLY,08/06/2007,60.0,525.0,600.0,560.0
BAREILLY,09/06/2007,72.5,550.0,600.0,565.0
BAREILLY,10/06/2007,64.0,550.0,600.0,565.0
BAREILLY,11/06/2007,78.0,525.0,600.0,555.0
BAREILLY,12/06/2007,90.0,525.0,600.0,560.0
BAREILLY,13/06/2007,100.0,525.0,600.0,550.0
BAREILLY,14/06/2007,80.0,525.0,600.0,550.0
BAREILLY,15/06/2007,78.5,525.0,600.0,560.0
BAREILLY,16/06/2007,76.0,550.0,600.0,565.0
BAREILLY,17/06/2007,80.0,525.0,600.0,560.0
BAREILLY,18/06/2007,68.0,525.0,600.0,565.0
BAREILLY,19/06/2007,70.0,525.0,600.0,560.0
BAREILLY,20/06/2007,90.0,525.0,600.0,565.0
BAREILLY,21/06/2007,85.0,550.0,600.0,570.0
BAREILLY,22/06/2007,75.0,550.0,650.0,600.0
BAREILLY,23/06/2007,85.0,575.0,650.0,610.0
BAREILLY,24/06/2007,70.0,650.0,750.0,700.0
BAREILLY,25/06/2007,75.0,575.0,650.0,610.0
BAREILLY,26/06/2007,69.0,600.0,650.0,625.0
BAREILLY,27/06/2007,77.5,575.0,650.0,600.0
BAREILLY,28/06/2007,82.0,550.0,650.0,600.0
BAREILLY,29/06/2007,75.0,575.0,650.0,625.0
BAREILLY,30/06/2007,90.0,575.0,625.0,615.0
BASTI,01/06/2007,275.0,600.0,640.0,620.0
BASTI,02/06/2007,350.0,600.0,640.0,620.0
BASTI,03/06/2007,375.0,610.0,650.0,630.0
BASTI,09/06/2007,340.0,680.0,720.0,700.0
BASTI,10/06/2007,300.0,680.0,720.0,700.0
BASTI,12/06/2007,400.0,680.0,720.0,700.0
BASTI,13/06/2007,350.0,680.0,720.0,700.0
BASTI,14/06/2007,360.0,680.0,720.0,700.0
BASTI,15/06/2007,375.0,680.0,720.0,700.0
BASTI,16/06/2007,330.0,710.0,750.0,730.0
BASTI,17/06/2007,450.0,710.0,750.0,730.0
BASTI,19/06/2007,355.0,730.0,770.0,750.0
BASTI,22/06/2007,375.0,760.0,800.0,780.0
BASTI,23/06/2007,350.0,780.0,820.0,800.0
BASTI,24/06/2007,200.0,780.0,820.0,800.0
BASTI,26/06/2007,260.0,780.0,820.0,800.0
BASTI,27/06/2007,300.0,800.0,840.0,820.0
BASTI,28/06/2007,400.0,800.0,840.0,820.0
BASTI,29/06/2007,375.0,800.0,840.0,820.0
BASTI,30/06/2007,270.0,800.0,840.0,820.0
BIJNAUR,01/06/2007,8.0,550.0,600.0,590.0
BIJNAUR,02/06/2007,7.5,550.0,600.0,580.0
BIJNAUR,03/06/2007,4.5,550.0,600.0,585.0
BIJNAUR,04/06/2007,5.0,550.0,600.0,585.0
BIJNAUR,05/06/2007,5.5,550.0,600.0,580.0
BIJNAUR,06/06/2007,7.0,550.0,600.0,590.0
BIJNAUR,07/06/2007,4.5,550.0,600.0,585.0
BIJNAUR,08/06/2007,5.0,550.0,600.0,590.0
BIJNAUR,09/06/2007,5.5,560.0,610.0,595.0
BIJNAUR,10/06/2007,4.0,560.0,610.0,595.0
BIJNAUR,11/06/2007,6.0,560.0,610.0,595.0
BIJNAUR,12/06/2007,5.0,560.0,610.0,600.0
BIJNAUR,13/06/2007,7.0,560.0,610.0,595.0
BIJNAUR,14/06/2007,5.5,560.0,610.0,600.0
BIJNAUR,15/06/2007,4.5,560.0,610.0,605.0
BIJNAUR,16/06/2007,5.0,560.0,610.0,600.0
BIJNAUR,17/06/2007,5.0,560.0,610.0,600.0
BIJNAUR,18/06/2007,6.0,560.0,610.0,600.0
BIJNAUR,19/06/2007,5.0,570.0,620.0,600.0
BIJNAUR,20/06/2007,7.5,560.0,610.0,595.0
BIJNAUR,21/06/2007,7.0,570.0,620.0,600.0
BIJNAUR,22/06/2007,6.0,570.0,620.0,605.0
BIJNAUR,23/06/2007,4.0,580.0,630.0,610.0
BIJNAUR,24/06/2007,3.5,580.0,630.0,615.0
BIJNAUR,25/06/2007,6.5,580.0,630.0,615.0
BIJNAUR,26/06/2007,5.0,570.0,620.0,610.0
BIJNAUR,27/06/2007,7.5,570.0,620.0,600.0
BIJNAUR,28/06/2007,5.5,580.0,630.0,605.0
BIJNAUR,29/06/2007,5.0,580.0,630.0,610.0
BULAND SHAHR,02/06/2007,30.0,480.0,550.0,520.0
BULAND SHAHR,04/06/2007,28.0,490.0,560.0,530.0
BULAND SHAHR,05/06/2007,35.0,480.0,550.0,530.0
BULAND SHAHR,06/06/2007,30.0,520.0,600.0,540.0
BULAND SHAHR,07/06/2007,26.0,530.0,600.0,545.0
BULAND SHAHR,09/06/2007,28.0,530.0,600.0,550.0
BULAND SHAHR,11/06/2007,25.0,530.0,600.0,545.0
BULAND SHAHR,12/06/2007,30.0,530.0,600.0,545.0
BULAND SHAHR,13/06/2007,26.0,540.0,600.0,550.0
BULAND SHAHR,14/06/2007,28.0,550.0,630.0,560.0
BULAND SHAHR,15/06/2007,30.0,550.0,640.0,565.0
BULAND SHAHR,16/06/2007,26.0,570.0,650.0,580.0
BULAND SHAHR,18/06/2007,29.0,560.0,660.0,590.0
BULAND SHAHR,19/06/2007,30.0,570.0,650.0,575.0
BULAND SHAHR,20/06/2007,26.0,570.0,650.0,580.0
BULAND SHAHR,21/06/2007,30.0,580.0,655.0,590.0
BULAND SHAHR,22/06/2007,27.0,550.0,640.0,580.0
BULAND SHAHR,23/06/2007,28.0,550.0,640.0,580.0
BULAND SHAHR,25/06/2007,30.0,550.0,630.0,585.0
BULAND SHAHR,26/06/2007,26.0,550.0,630.0,580.0
BULAND SHAHR,28/06/2007,25.0,550.0,640.0,585.0
BULAND SHAHR,29/06/2007,23.5,550.0,640.0,590.0
BULAND SHAHR,30/06/2007,26.0,560.0,650.0,590.0
CHANDAUSI,01/06/2007,20.0,520.0,600.0,570.0
CHANDAUSI,02/06/2007,25.0,520.0,620.0,575.0
CHANDAUSI,03/06/2007,20.0,530.0,610.0,575.0
CHANDAUSI,04/06/2007,30.0,520.0,600.0,580.0
CHANDAUSI,05/06/2007,35.0,530.0,600.0,575.0
CHANDAUSI,06/06/2007,35.0,530.0,600.0,565.0
CHANDAUSI,07/06/2007,30.0,530.0,600.0,575.0
CHANDAUSI,08/06/2007,35.0,550.0,600.0,580.0
CHANDAUSI,11/06/2007,40.0,540.0,600.0,570.0
CHANDAUSI,12/06/2007,30.0,530.0,600.0,575.0
CHANDAUSI,13/06/2007,25.0,540.0,600.0,570.0
CHANDAUSI,14/06/2007,20.0,540.0,600.0,580.0
CHANDAUSI,15/06/2007,22.5,545.0,600.0,575.0
CHANDAUSI,16/06/2007,21.0,545.0,600.0,580.0
CHANDAUSI,17/06/2007,20.0,550.0,600.0,585.0
CHANDAUSI,18/06/2007,20.0,540.0,600.0,585.0
CHANDAUSI,19/06/2007,25.0,550.0,600.0,580.0
CHANDAUSI,20/06/2007,30.0,540.0,600.0,575.0
CHANDAUSI,21/06/2007,35.0,540.0,600.0,570.0
CHANDAUSI,22/06/2007,30.0,550.0,600.0,580.0
CHANDAUSI,23/06/2007,28.0,550.0,600.0,575.0
CHANDAUSI,26/06/2007,30.0,550.0,600.0,575.0
CHANDAUSI,27/06/2007,35.0,560.0,600.0,570.0
CHANDAUSI,28/06/2007,30.0,545.0,615.0,575.0
CHANDAUSI,29/06/2007,27.5,545.0,620.0,570.0
CHANDAUSI,30/06/2007,27.5,540.0,630.0,570.0
CHANDOLI,02/06/2007,3.5,565.0,595.0,585.0
CHANDOLI,04/06/2007,4.5,565.0,590.0,580.0
CHANDOLI,08/06/2007,2.5,575.0,610.0,595.0
CHANDOLI,11/06/2007,4.0,600.0,635.0,615.0
CHANDOLI,13/06/2007,3.5,625.0,660.0,640.0
CHANDOLI,16/06/2007,4.0,630.0,675.0,650.0
CHANDOLI,18/06/2007,3.5,640.0,680.0,660.0
CHANDOLI,20/06/2007,4.0,670.0,700.0,685.0
CHANDOLI,21/06/2007,3.0,675.0,710.0,695.0
CHANDOLI,22/06/2007,4.0,700.0,735.0,715.0
CHANDOLI,23/06/2007,3.5,690.0,745.0,710.0
CHANDOLI,25/06/2007,4.5,690.0,725.0,705.0
CHANDOLI,27/06/2007,4.0,700.0,730.0,715.0
CHANDOLI,28/06/2007,3.5,690.0,730.0,710.0
CHARRA,01/06/2007,2.0,,,
CHARRA,04/06/2007,2.0,560.0,580.0,570.0
CHARRA,05/06/2007,2.0,550.0,570.0,560.0
CHARRA,06/06/2007,2.0,560.0,570.0,565.0
CHARRA,07/06/2007,1.0,550.0,570.0,560.0
CHARRA,08/06/2007,2.0,550.0,560.0,555.0
CHARRA,09/06/2007,2.0,,,
CHARRA,11/06/2007,2.0,550.0,570.0,560.0
CHARRA,12/06/2007,2.0,550.0,560.0,555.0
CHARRA,13/06/2007,2.5,550.0,570.0,560.0
CHARRA,14/06/2007,2.0,550.0,560.0,555.0
CHARRA,15/06/2007,3.0,540.0,560.0,550.0
CHARRA,18/06/2007,2.0,540.0,560.0,550.0
CHARRA,19/06/2007,1.5,530.0,550.0,540.0
CHARRA,20/06/2007,2.0,540.0,560.0,550.0
CHARRA,21/06/2007,1.5,550.0,570.0,560.0
CHARRA,22/06/2007,2.0,560.0,570.0,565.0
CHARRA,25/06/2007,2.0,570.0,580.0,575.0
CHARRA,26/06/2007,2.0,570.0,590.0,580.0
CHARRA,27/06/2007,1.5,570.0,580.0,575.0
CHARRA,28/06/2007,2.0,560.0,580.0,570.0
CHARRA,29/06/2007,2.0,550.0,570.0,560.0
CHIRGAON,02/06/2007,2.5,,,625.0
CHIRGAON,05/06/2007,2.0,,,625.0
CHIRGAON,06/06/2007,2.0,,,625.0
CHIRGAON,07/06/2007,2.5,,,625.0
CHIRGAON,08/06/2007,2.0,,,625.0
CHIRGAON,12/06/2007,2.0,,,650.0
CHIRGAON,13/06/2007,1.5,,,660.0
CHIRGAON,14/06/2007,2.0,,,670.0
CHIRGAON,15/06/2007,2.0,,,675.0
CHIRGAON,16/06/2007,1.5,,,675.0
CHIRGAON,17/06/2007,1.5,,,675.0
CHIRGAON,19/06/2007,1.5,,,675.0
CHIRGAON,20/06/2007,2.0,,,675.0
CHIRGAON,21/06/2007,2.0,,,675.0
CHIRGAON,23/06/2007,2.0,,,675.0
CHIRGAON,26/06/2007,1.5,,,680.0
CHIRGAON,27/06/2007,1.0,,,700.0
CHIRGAON,28/06/2007,1.5,,,725.0
CHIRGAON,29/06/2007,1.5,,,750.0
CHIRGAON,30/06/2007,2.0,,,775.0
DEVARIYA,02/06/2007,400.0,,,
DEVARIYA,04/06/2007,500.0,,,
DEVARIYA,05/06/2007,400.0,,,
DEVARIYA,06/06/2007,500.0,,,
DEVARIYA,07/06/2007,400.0,,,
DEVARIYA,08/06/2007,300.0,,,
DEVARIYA,09/06/2007,600.0,,,
DEVARIYA,11/06/2007,700.0,,,
DEVARIYA,14/06/2007,300.0,,,
DEVARIYA,15/06/2007,300.0,,,
DEVARIYA,16/06/2007,300.0,,,
DEVARIYA,18/06/2007,600.0,,,
DEVARIYA,19/06/2007,400.0,,,
DEVARIYA,20/06/2007,500.0,,,
DEVARIYA,21/06/2007,500.0,,,
DEVARIYA,22/06/2007,800.0,,,
DEVARIYA,23/06/2007,700.0,,,
DEVARIYA,26/06/2007,700.0,,,
DEVARIYA,27/06/2007,800.0,,,
DEVARIYA,28/06/2007,700.0,,,
DEVARIYA,29/06/2007,600.0,,,
DEVARIYA,30/06/2007,600.0,,,
DIVAI,02/06/2007,4.5,500.0,540.0,515.0
DIVAI,03/06/2007,3.0,500.0,540.0,520.0
DIVAI,04/06/2007,2.5,500.0,540.0,520.0
DIVAI,05/06/2007,2.5,500.0,550.0,525.0
DIVAI,06/06/2007,2.5,500.0,540.0,520.0
DIVAI,07/06/2007,3.0,500.0,550.0,530.0
DIVAI,08/06/2007,3.0,500.0,550.0,525.0
DIVAI,09/06/2007,2.5,510.0,550.0,525.0
DIVAI,10/06/2007,2.0,510.0,550.0,525.0
DIVAI,11/06/2007,520.0,,,
DIVAI,12/06/2007,2.0,520.0,540.0,530.0
DIVAI,13/06/2007,2.5,500.0,550.0,520.0
DIVAI,14/06/2007,2.5,515.0,545.0,530.0
DIVAI,15/06/2007,2.0,520.0,550.0,530.0
DIVAI,16/06/2007,2.0,510.0,540.0,530.0
DIVAI,17/06/2007,2.0,500.0,550.0,530.0
DIVAI,18/06/2007,2.5,525.0,575.0,550.0
DIVAI,19/06/2007,2.0,540.0,580.0,560.0
DIVAI,20/06/2007,2.0,525.0,580.0,560.0
DIVAI,21/06/2007,2.5,540.0,575.0,560.0
DIVAI,22/06/2007,3.5,540.0,580.0,560.0
DIVAI,23/06/2007,2.5,540.0,580.0,560.0
DIVAI,24/06/2007,2.5,540.0,590.0,565.0
DIVAI,25/06/2007,3.0,560.0,600.0,570.0
DIVAI,26/06/2007,3.5,550.0,600.0,575.0
DIVAI,27/06/2007,2.0,550.0,600.0,575.0
DIVAI,28/06/2007,3.5,550.0,600.0,575.0
DIVAI,29/06/2007,2.5,550.0,600.0,575.0
FAIZABAD,01/06/2007,22.0,600.0,638.0,620.0
FAIZABAD,02/06/2007,28.0,600.0,632.0,620.0
FAIZABAD,03/06/2007,14.0,600.0,635.0,620.0
FAIZABAD,04/06/2007,19.0,600.0,630.0,615.0
FAIZABAD,05/06/2007,19.5,600.0,630.0,615.0
FAIZABAD,06/06/2007,18.0,600.0,626.0,615.0
FAIZABAD,07/06/2007,29.0,600.0,630.0,615.0
FAIZABAD,08/06/2007,15.0,600.0,630.0,615.0
FAIZABAD,09/06/2007,19.5,605.0,632.0,620.0
FAIZABAD,10/06/2007,16.0,605.0,632.0,620.0
FAIZABAD,11/06/2007,14.0,605.0,632.0,620.0
FAIZABAD,12/06/2007,19.0,600.0,634.0,620.0
FAIZABAD,13/06/2007,22.0,605.0,632.0,620.0
FAIZABAD,14/06/2007,16.0,610.0,640.0,625.0
FAIZABAD,16/06/2007,27.0,600.0,636.0,625.0
FAIZABAD,17/06/2007,12.0,605.0,640.0,625.0
FAIZABAD,18/06/2007,22.0,605.0,640.0,625.0
FAIZABAD,19/06/2007,15.0,620.0,670.0,660.0
FAIZABAD,20/06/2007,12.2,630.0,690.0,675.0
FAIZABAD,21/06/2007,18.0,630.0,690.0,675.0
FAIZABAD,22/06/2007,15.0,660.0,685.0,675.0
FAIZABAD,23/06/2007,22.0,662.0,695.0,680.0
FAIZABAD,24/06/2007,16.0,665.0,700.0,680.0
FAIZABAD,25/06/2007,18.5,665.0,700.0,680.0
FAIZABAD,26/06/2007,22.0,662.0,695.0,680.0
FAIZABAD,27/06/2007,18.0,665.0,695.0,680.0
FAIZABAD,28/06/2007,17.5,670.0,700.0,685.0
FAIZABAD,29/06/2007,21.0,670.0,715.0,690.0
FAIZABAD,30/06/2007,18.0,675.0,715.0,690.0
FARUKHABAD,01/06/2007,200.0,520.0,610.0,565.0
FARUKHABAD,02/06/2007,300.0,520.0,610.0,565.0
FARUKHABAD,04/06/2007,280.0,520.0,610.0,565.0
FARUKHABAD,05/06/2007,250.0,530.0,620.0,575.0
FARUKHABAD,06/06/2007,200.0,530.0,620.0,575.0
FARUKHABAD,07/06/2007,150.0,530.0,625.0,580.0
FARUKHABAD,08/06/2007,175.0,525.0,625.0,582.0
FARUKHABAD,09/06/2007,150.0,525.0,625.0,580.0
FARUKHABAD,11/06/2007,180.0,540.0,625.0,575.0
FARUKHABAD,12/06/2007,170.0,540.0,625.0,580.0
FARUKHABAD,13/06/2007,120.0,540.0,625.0,580.0
FARUKHABAD,14/06/2007,100.0,550.0,650.0,590.0
FARUKHABAD,15/06/2007,110.0,550.0,650.0,600.0
FARUKHABAD,16/06/2007,120.0,550.0,625.0,600.0
FARUKHABAD,18/06/2007,10.0,550.0,625.0,600.0
FARUKHABAD,19/06/2007,150.0,550.0,625.0,600.0
FARUKHABAD,20/06/2007,140.0,550.0,625.0,600.0
FARUKHABAD,21/06/2007,125.0,575.0,650.0,610.0
FARUKHABAD,22/06/2007,150.0,575.0,625.0,610.0
FARUKHABAD,25/06/2007,160.0,550.0,650.0,600.0
FARUKHABAD,26/06/2007,210.0,520.0,640.0,580.0
FARUKHABAD,27/06/2007,30.0,520.0,640.0,580.0
FARUKHABAD,28/06/2007,250.0,550.0,610.0,590.0
FARUKHABAD,29/06/2007,200.0,550.0,650.0,600.0
FATEHPUR,02/06/2007,16.0,,,650.0
FATEHPUR,03/06/2007,18.0,,,660.0
FATEHPUR,04/06/2007,20.0,,,675.0
FATEHPUR,05/06/2007,15.0,,,670.0
FATEHPUR,06/06/2007,18.0,,,650.0
FATEHPUR,08/06/2007,25.0,,,640.0
FATEHPUR,09/06/2007,20.0,,,630.0
FATEHPUR,10/06/2007,16.0,,,625.0
FATEHPUR,11/06/2007,17.5,,,620.0
FATEHPUR,12/06/2007,15.0,,,625.0
FATEHPUR,13/06/2007,20.0,,,630.0
FATEHPUR,15/06/2007,25.0,,,650.0
FATEHPUR,16/06/2007,20.0,,,630.0
FATEHPUR,17/06/2007,25.0,,,635.0
FATEHPUR,18/06/2007,27.0,,,640.0
FATEHPUR,19/06/2007,20.0,,,645.0
FATEHPUR,20/06/2007,27.5,,,630.0
FATEHPUR,22/06/2007,18.0,,,650.0
FATEHPUR,23/06/2007,20.0,,,670.0
FATEHPUR,24/06/2007,26.0,,,660.0
FATEHPUR,26/06/2007,20.0,,,665.0
FATEHPUR,27/06/2007,23.0,,,680.0
FATEHPUR,29/06/2007,18.0,,,685.0
FIROZABAD,01/06/2007,250.0,450.0,475.0,460.0
FIROZABAD,08/06/2007,246.0,450.0,475.0,460.0
FIROZABAD,15/06/2007,210.0,500.0,540.0,525.0
FIROZABAD,22/06/2007,225.0,540.0,560.0,550.0
FIROZABAD,29/06/2007,219.0,540.0,560.0,550.0
GANGOH,01/06/2007,6.0,480.0,490.0,485.0
GANGOH,02/06/2007,7.5,500.0,510.0,505.0
GANGOH,05/06/2007,5.5,500.0,510.0,505.0
GANGOH,07/06/2007,6.0,560.0,580.0,570.0
GANGOH,12/06/2007,4.0,510.0,530.0,520.0
GANGOH,13/06/2007,3.0,520.0,540.0,530.0
GANGOH,14/06/2007,2.5,525.0,535.0,530.0
GAZIPUR,01/06/2007,14.0,600.0,640.0,620.0
GAZIPUR,02/06/2007,18.0,610.0,640.0,625.0
GAZIPUR,04/06/2007,16.0,625.0,675.0,650.0
GAZIPUR,05/06/2007,18.0,600.0,660.0,630.0
GAZIPUR,06/06/2007,27.0,600.0,660.0,630.0
GAZIPUR,07/06/2007,26.0,610.0,650.0,630.0
GAZIPUR,08/06/2007,23.0,610.0,650.0,630.0
GAZIPUR,09/06/2007,22.5,610.0,640.0,625.0
GAZIPUR,11/06/2007,24.0,610.0,640.0,625.0
GAZIPUR,12/06/2007,23.0,600.0,650.0,625.0
GAZIPUR,13/06/2007,20.0,600.0,640.0,620.0
GAZIPUR,14/06/2007,18.0,600.0,640.0,620.0
GAZIPUR,15/06/2007,16.0,600.0,640.0,620.0
GAZIPUR,16/06/2007,15.0,600.0,650.0,625.0
GAZIPUR,18/06/2007,16.0,600.0,650.0,625.0
GAZIPUR,19/06/2007,17.0,600.0,650.0,625.0
GAZIPUR,20/06/2007,18.0,600.0,650.0,625.0
GAZIPUR,21/06/2007,16.0,600.0,650.0,625.0
GAZIPUR,22/06/2007,15.0,600.0,650.0,625.0
GAZIPUR,23/06/2007,14.0,620.0,660.0,640.0
GAZIPUR,25/06/2007,15.0,620.0,660.0,640.0
GAZIPUR,26/06/2007,14.0,630.0,670.0,650.0
GAZIPUR,27/06/2007,16.0,630.0,670.0,650.0
GAZIPUR,28/06/2007,17.0,630.0,670.0,650.0
GAZIPUR,29/06/2007,18.0,630.0,670.0,650.0
GAZIPUR,30/06/2007,16.5,640.0,680.0,660.0
GHAZIABAD,01/06/2007,45.0,550.0,640.0,580.0
GHAZIABAD,02/06/2007,40.0,560.0,650.0,590.0
GHAZIABAD,03/06/2007,25.0,570.0,640.0,600.0
GHAZIABAD,04/06/2007,35.0,560.0,625.0,585.0
GHAZIABAD,05/06/2007,34.0,575.0,635.0,590.0
GHAZIABAD,06/06/2007,35.0,570.0,630.0,590.0
GHAZIABAD,07/06/2007,33.0,580.0,640.0,595.0
GHAZIABAD,08/06/2007,30.0,570.0,630.0,600.0
GHAZIABAD,09/06/2007,50.0,560.0,640.0,585.0
GHAZIABAD,10/06/2007,30.0,560.0,630.0,580.0
GHAZIABAD,11/06/2007,35.0,570.0,640.0,590.0
GHAZIABAD,12/06/2007,32.0,575.0,650.0,595.0
GHAZIABAD,13/06/2007,40.0,575.0,650.0,600.0
GHAZIABAD,14/06/2007,45.0,560.0,630.0,585.0
GHAZIABAD,15/06/2007,44.0,560.0,650.0,590.0
GHAZIABAD,16/06/2007,35.0,540.0,640.0,600.0
GHAZIABAD,17/06/2007,55.0,550.0,635.0,580.0
GHAZIABAD,18/06/2007,40.0,560.0,600.0,590.0
GHAZIABAD,19/06/2007,35.0,575.0,630.0,610.0
GHAZIABAD,20/06/2007,35.0,580.0,635.0,600.0
GHAZIABAD,21/06/2007,45.0,590.0,640.0,600.0
GHAZIABAD,22/06/2007,40.0,570.0,630.0,590.0
GHAZIABAD,23/06/2007,35.0,580.0,640.0,600.0
GHAZIABAD,24/06/2007,45.0,575.0,640.0,595.0
GHAZIABAD,25/06/2007,40.0,580.0,650.0,610.0
GHAZIABAD,26/06/2007,38.0,585.0,650.0,615.0
GHAZIABAD,27/06/2007,35.0,590.0,660.0,620.0
GHAZIABAD,28/06/2007,40.0,580.0,670.0,600.0
GHAZIABAD,29/06/2007,35.0,590.0,650.0,615.0
GHAZIABAD,30/06/2007,50.0,580.0,650.0,610.0
GORAKHPUR,01/06/2007,190.0,680.0,825.0,735.0
GORAKHPUR,02/06/2007,150.0,680.0,825.0,735.0
GORAKHPUR,04/06/2007,200.0,680.0,825.0,735.0
GORAKHPUR,05/06/2007,170.0,680.0,825.0,735.0
GORAKHPUR,06/06/2007,190.0,680.0,825.0,730.0
GORAKHPUR,07/06/2007,160.0,680.0,825.0,730.0
GORAKHPUR,08/06/2007,190.0,680.0,825.0,730.0
GORAKHPUR,09/06/2007,160.0,670.0,820.0,730.0
GORAKHPUR,11/06/2007,170.0,630.0,820.0,730.0
GORAKHPUR,12/06/2007,180.0,675.0,820.0,735.0
GORAKHPUR,13/06/2007,140.0,675.0,820.0,735.0
GORAKHPUR,14/06/2007,85.0,675.0,825.0,738.0
GORAKHPUR,18/06/2007,110.0,680.0,800.0,740.0
GORAKHPUR,19/06/2007,100.0,685.0,800.0,745.0
GORAKHPUR,20/06/2007,80.0,685.0,800.0,750.0
GORAKHPUR,21/06/2007,90.0,685.0,800.0,750.0
GORAKHPUR,22/06/2007,70.0,680.0,810.0,745.0
GORAKHPUR,23/06/2007,90.0,680.0,800.0,740.0
GORAKHPUR,25/06/2007,100.0,680.0,800.0,740.0
GORAKHPUR,26/06/2007,80.0,680.0,800.0,745.0
GORAKHPUR,27/06/2007,120.0,675.0,800.0,742.0
GORAKHPUR,28/06/2007,90.0,680.0,800.0,740.0
GORAKHPUR,29/06/2007,70.0,685.0,800.0,750.0
GURUSARAI,01/06/2007,2.5,,,
GURUSARAI,03/06/2007,2.0,550.0,650.0,600.0
GURUSARAI,04/06/2007,2.5,550.0,650.0,600.0
GURUSARAI,05/06/2007,3.0,550.0,650.0,600.0
GURUSARAI,06/06/2007,2.5,550.0,650.0,600.0
GURUSARAI,07/06/2007,2.5,550.0,650.0,600.0
GURUSARAI,10/06/2007,2.5,550.0,650.0,600.0
GURUSARAI,11/06/2007,1.5,550.0,650.0,600.0
GURUSARAI,12/06/2007,2.5,550.0,650.0,600.0
GURUSARAI,13/06/2007,2.5,550.0,650.0,600.0
GURUSARAI,14/06/2007,2.5,550.0,650.0,600.0
GURUSARAI,15/06/2007,2.5,550.0,650.0,600.0
GURUSARAI,17/06/2007,0.5,550.0,650.0,600.0
GURUSARAI,18/06/2007,2.5,550.0,650.0,600.0
GURUSARAI,19/06/2007,1.0,550.0,650.0,600.0
GURUSARAI,20/06/2007,2.2,550.0,650.0,600.0
GURUSARAI,21/06/2007,2.0,550.0,650.0,600.0
GURUSARAI,22/06/2007,3.5,550.0,650.0,600.0
HAATHRAS,01/06/2007,20.0,510.0,545.0,535.0
HAATHRAS,02/06/2007,15.0,530.0,550.0,540.0
HAATHRAS,05/06/2007,20.0,525.0,550.0,540.0
HAATHRAS,06/06/2007,10.0,530.0,545.0,540.0
HAATHRAS,07/06/2007,15.0,560.0,590.0,575.0
HAATHRAS,08/06/2007,15.0,560.0,590.0,575.0
HAATHRAS,09/06/2007,20.0,,,
HAATHRAS,12/06/2007,20.0,560.0,590.0,575.0
HAATHRAS,13/06/2007,5.0,560.0,590.0,575.0
HAATHRAS,14/06/2007,15.0,570.0,595.0,580.0
HAATHRAS,15/06/2007,7.0,570.0,595.0,580.0
HAATHRAS,16/06/2007,15.0,570.0,595.0,580.0
HAATHRAS,19/06/2007,10.0,565.0,600.0,585.0
HAATHRAS,20/06/2007,13.5,585.0,615.0,590.0
HAATHRAS,21/06/2007,15.0,590.0,610.0,600.0
HAATHRAS,22/06/2007,10.0,585.0,610.0,600.0
HAATHRAS,23/06/2007,7.0,590.0,615.0,600.0
HAATHRAS,26/06/2007,12.5,600.0,615.0,605.0
HAATHRAS,27/06/2007,10.0,595.0,620.0,605.0
HAATHRAS,28/06/2007,18.0,580.0,635.0,610.0
HAATHRAS,29/06/2007,10.0,595.0,625.0,610.0
HAATHRAS,30/06/2007,7.5,,,
HAPUR,03/06/2007,15.5,475.0,600.0,540.0
HAPUR,04/06/2007,18.0,500.0,625.0,550.0
HAPUR,05/06/2007,13.0,525.0,650.0,575.0
HAPUR,06/06/2007,5.0,525.0,600.0,575.0
HAPUR,07/06/2007,10.0,525.0,600.0,575.0
HAPUR,08/06/2007,21.0,525.0,600.0,575.0
HAPUR,09/06/2007,17.0,525.0,600.0,575.0
HAPUR,10/06/2007,2.5,525.0,600.0,575.0
HAPUR,11/06/2007,17.0,530.0,600.0,575.0
HAPUR,12/06/2007,16.0,525.0,620.0,580.0
HAPUR,13/06/2007,10.0,450.0,600.0,550.0
HAPUR,15/06/2007,10.5,400.0,550.0,500.0
HAPUR,16/06/2007,17.0,400.0,550.0,475.0
HAPUR,17/06/2007,27.0,425.0,525.0,475.0
HAPUR,18/06/2007,16.0,450.0,550.0,475.0
HAPUR,19/06/2007,10.0,450.0,550.0,475.0
HAPUR,20/06/2007,15.5,430.0,550.0,460.0
HAPUR,21/06/2007,35.0,450.0,580.0,490.0
HAPUR,22/06/2007,10.0,480.0,550.0,515.0
HAPUR,23/06/2007,23.0,500.0,600.0,530.0
HAPUR,24/06/2007,24.0,525.0,600.0,550.0
HAPUR,25/06/2007,26.0,525.0,600.0,550.0
HAPUR,26/06/2007,18.0,550.0,600.0,575.0
HAPUR,27/06/2007,5.0,550.0,650.0,575.0
HAPUR,28/06/2007,6.0,550.0,650.0,590.0
HAPUR,29/06/2007,16.0,575.0,650.0,600.0
HAPUR,30/06/2007,11.0,575.0,650.0,600.0
JALAUN,01/06/2007,1.0,,,
JALAUN,02/06/2007,0.8,,,
JALAUN,03/06/2007,1.5,,,540.0
JALAUN,06/06/2007,1.0,,,560.0
JALAUN,07/06/2007,1.0,,,540.0
JALAUN,08/06/2007,1.5,,,560.0
JALAUN,10/06/2007,2.0,,,560.0
JALAUN,12/06/2007,1.5,,,560.0
JALAUN,13/06/2007,1.0,,,560.0
JALAUN,14/06/2007,2.0,,,560.0
JALAUN,16/06/2007,2.5,,,560.0
JALAUN,19/06/2007,1.5,,,600.0
JALAUN,20/06/2007,2.0,,,650.0
JALAUN,21/06/2007,2.0,,,650.0
JALAUN,22/06/2007,2.0,,,640.0
JALAUN,23/06/2007,1.5,,,640.0
JALAUN,26/06/2007,2.0,,,600.0
JALAUN,27/06/2007,1.5,,,625.0
JAUNPUR,01/06/2007,25.0,550.0,600.0,575.0
JAUNPUR,02/06/2007,24.0,560.0,600.0,580.0
JAUNPUR,04/06/2007,23.0,580.0,620.0,600.0
JAUNPUR,05/06/2007,22.0,590.0,630.0,610.0
JAUNPUR,06/06/2007,20.0,600.0,650.0,620.0
JAUNPUR,07/06/2007,24.0,600.0,650.0,620.0
JAUNPUR,08/06/2007,23.0,600.0,650.0,625.0
JAUNPUR,11/06/2007,28.0,600.0,640.0,620.0
JAUNPUR,12/06/2007,24.0,620.0,660.0,640.0
JAUNPUR,13/06/2007,26.0,620.0,660.0,640.0
JAUNPUR,14/06/2007,21.0,620.0,660.0,640.0
JAUNPUR,15/06/2007,23.0,620.0,660.0,640.0
JAUNPUR,16/06/2007,20.0,620.0,660.0,650.0
JAUNPUR,18/06/2007,22.0,620.0,660.0,650.0
JAUNPUR,19/06/2007,25.0,620.0,660.0,650.0
JAUNPUR,20/06/2007,26.0,620.0,660.0,640.0
JAUNPUR,21/06/2007,21.0,620.0,660.0,640.0
JAUNPUR,22/06/2007,28.0,620.0,660.0,640.0
JAUNPUR,23/06/2007,25.0,620.0,660.0,650.0
JAUNPUR,25/06/2007,24.0,620.0,660.0,650.0
JAUNPUR,26/06/2007,22.0,620.0,660.0,650.0
JAUNPUR,27/06/2007,25.0,630.0,670.0,650.0
JAUNPUR,28/06/2007,27.0,650.0,680.0,660.0
JAUNPUR,29/06/2007,23.0,650.0,680.0,660.0
JAUNPUR,30/06/2007,22.0,650.0,680.0,660.0
JHANSI,01/06/2007,35.0,,,570.0
JHANSI,02/06/2007,40.0,,,575.0
JHANSI,03/06/2007,35.0,,,575.0
JHANSI,04/06/2007,30.0,,,575.0
JHANSI,23/06/2007,50.0,,,650.0
JHANSI,24/06/2007,40.0,,,650.0
JHANSI,25/06/2007,35.0,,,650.0
JHANSI,27/06/2007,38.0,,,660.0
JHANSI,28/06/2007,40.0,,,660.0
JHANSI,29/06/2007,38.0,,,680.0
KANPUR(GRAIN),02/06/2007,520.0,600.0,635.0,620.0
KANPUR(GRAIN),04/06/2007,550.0,590.0,630.0,605.0
KANPUR(GRAIN),05/06/2007,520.0,600.0,650.0,625.0
KANPUR(GRAIN),06/06/2007,510.0,610.0,645.0,630.0
KANPUR(GRAIN),07/06/2007,500.0,610.0,645.0,625.0
KANPUR(GRAIN),11/06/2007,480.0,620.0,655.0,635.0
KANPUR(GRAIN),12/06/2007,500.0,615.0,660.0,640.0
KANPUR(GRAIN),13/06/2007,470.0,625.0,655.0,645.0
KANPUR(GRAIN),14/06/2007,380.0,635.0,665.0,650.0
KANPUR(GRAIN),15/06/2007,390.0,630.0,655.0,650.0
KANPUR(GRAIN),20/06/2007,370.0,630.0,665.0,650.0
KANPUR(GRAIN),22/06/2007,400.0,615.0,655.0,640.0
KANPUR(GRAIN),23/06/2007,380.0,620.0,675.0,650.0
KANPUR(GRAIN),25/06/2007,350.0,620.0,660.0,650.0
KANPUR(GRAIN),26/06/2007,380.0,625.0,660.0,645.0
KANPUR(GRAIN),28/06/2007,380.0,,,
KANPUR(GRAIN),29/06/2007,435.0,625.0,675.0,655.0
KARVI,01/06/2007,15.0,,,610.0
KARVI,02/06/2007,20.0,,,600.0
KARVI,03/06/2007,17.0,,,600.0
KARVI,04/06/2007,15.0,,,580.0
KARVI,05/06/2007,20.0,,,585.0
KARVI,06/06/2007,17.0,,,
KARVI,08/06/2007,20.0,,,575.0
KARVI,09/06/2007,25.0,,,575.0
KARVI,10/06/2007,18.0,,,575.0
KARVI,11/06/2007,20.0,,,575.0
KARVI,12/06/2007,16.0,,,575.0
KARVI,13/06/2007,17.5,,,585.0
KARVI,15/06/2007,12.0,,,580.0
KARVI,16/06/2007,16.0,,,585.0
KARVI,17/06/2007,8.0,,,585.0
KARVI,18/06/2007,11.0,,,585.0
KARVI,19/06/2007,20.0,,,580.0
KARVI,20/06/2007,15.0,,,600.0
KARVI,22/06/2007,14.0,,,590.0
KARVI,23/06/2007,15.0,,,590.0
KARVI,24/06/2007,15.0,,,620.0
KARVI,25/06/2007,16.0,,,620.0
KARVI,26/06/2007,10.0,,,625.0
KARVI,27/06/2007,8.5,,,630.0
KARVI,29/06/2007,10.0,,,635.0
KARVI,30/06/2007,12.0,,,635.0
KASGANJ,01/06/2007,6.5,370.0,390.0,385.0
KASGANJ,02/06/2007,9.0,370.0,390.0,385.0
KASGANJ,03/06/2007,8.0,375.0,390.0,385.0
KASGANJ,05/06/2007,9.5,380.0,390.0,385.0
KASGANJ,06/06/2007,9.0,380.0,390.0,385.0
KASGANJ,07/06/2007,8.0,370.0,390.0,380.0
KASGANJ,08/06/2007,7.5,370.0,390.0,380.0
KASGANJ,09/06/2007,9.5,380.0,400.0,385.0
KASGANJ,10/06/2007,9.0,,,
KASGANJ,12/06/2007,8.5,380.0,400.0,390.0
KASGANJ,13/06/2007,9.0,380.0,400.0,390.0
KASGANJ,14/06/2007,9.5,380.0,400.0,390.0
KASGANJ,15/06/2007,8.0,380.0,400.0,390.0
KASGANJ,16/06/2007,7.5,380.0,400.0,395.0
KASGANJ,17/06/2007,8.5,385.0,400.0,395.0
KASGANJ,20/06/2007,7.5,385.0,400.0,395.0
KASGANJ,21/06/2007,6.0,400.0,450.0,415.0
KASGANJ,22/06/2007,6.5,400.0,450.0,415.0
KASGANJ,23/06/2007,7.0,400.0,450.0,415.0
KASGANJ,24/06/2007,1.0,425.0,475.0,450.0
KASGANJ,26/06/2007,4.0,460.0,500.0,475.0
KASGANJ,28/06/2007,8.0,470.0,500.0,490.0
KASGANJ,29/06/2007,9.0,470.0,500.0,490.0
KASGANJ,30/06/2007,7.5,470.0,500.0,490.0
KHAIR,08/06/2007,15.0,510.0,600.0,550.0
KHAIR,15/06/2007,20.0,500.0,600.0,550.0
KHAIR,29/06/2007,9.0,560.0,600.0,580.0
KHATAULI,01/06/2007,6.0,500.0,600.0,570.0
KHATAULI,02/06/2007,5.0,500.0,600.0,575.0
KHATAULI,03/06/2007,15.0,550.0,615.0,580.0
KHATAULI,04/06/2007,3.0,500.0,600.0,575.0
KHATAULI,07/06/2007,11.0,525.0,625.0,575.0
KHATAULI,12/06/2007,9.0,500.0,600.0,570.0
KHATAULI,14/06/2007,11.0,525.0,600.0,575.0
KHATAULI,15/06/2007,10.0,500.0,600.0,570.0
KHATAULI,19/06/2007,12.0,520.0,600.0,580.0
KHATAULI,20/06/2007,4.0,525.0,625.0,575.0
KHATAULI,21/06/2007,5.0,525.0,625.0,585.0
KHATAULI,22/06/2007,4.0,525.0,625.0,580.0
KHATAULI,23/06/2007,6.0,525.0,630.0,580.0
KHATAULI,26/06/2007,4.0,525.0,625.0,585.0
KHATAULI,27/06/2007,7.0,540.0,640.0,590.0
KHATAULI,28/06/2007,4.0,525.0,625.0,585.0
KHATAULI,29/06/2007,5.0,530.0,630.0,580.0
KHATAULI,30/06/2007,4.0,530.0,630.0,580.0
KHURJA,02/06/2007,8.0,500.0,530.0,520.0
KHURJA,04/06/2007,6.5,500.0,535.0,525.0
KHURJA,05/06/2007,7.0,500.0,535.0,520.0
KHURJA,06/06/2007,5.5,500.0,530.0,529.0
KHURJA,07/06/2007,6.0,510.0,540.0,535.0
KHURJA,08/06/2007,6.5,525.0,550.0,540.0
KHURJA,11/06/2007,6.0,525.0,560.0,550.0
KHURJA,12/06/2007,7.0,500.0,570.0,550.0
KHURJA,13/06/2007,9.0,520.0,570.0,550.0
KHURJA,14/06/2007,10.5,525.0,560.0,545.0
KHURJA,15/06/2007,7.0,520.0,560.0,555.0
KHURJA,16/06/2007,8.5,530.0,580.0,560.0
KHURJA,18/06/2007,7.5,540.0,580.0,560.0
KHURJA,21/06/2007,8.0,550.0,600.0,575.0
KHURJA,22/06/2007,9.5,540.0,600.0,585.0
KHURJA,23/06/2007,11.0,550.0,600.0,575.0
KHURJA,25/06/2007,6.5,550.0,600.0,570.0
KHURJA,26/06/2007,11.0,560.0,600.0,580.0
KHURJA,27/06/2007,9.5,560.0,600.0,580.0
KHURJA,28/06/2007,12.0,560.0,585.0,580.0
KHURJA,29/06/2007,12.5,560.0,590.0,580.0
KHURJA,30/06/2007,14.0,560.0,590.0,585.0
KONCH,01/06/2007,5.0,,,575.0
KONCH,02/06/2007,2.5,,,565.0
KONCH,03/06/2007,3.0,,,570.0
KONCH,04/06/2007,4.0,,,
KONCH,05/06/2007,4.5,,,600.0
KONCH,07/06/2007,5.0,,,590.0
KONCH,08/06/2007,4.0,,,595.0
KONCH,09/06/2007,4.5,,,590.0
KONCH,10/06/2007,4.0,,,590.0
KONCH,11/06/2007,5.0,,,600.0
KONCH,12/06/2007,4.0,,,590.0
KONCH,14/06/2007,4.5,,,580.0
KONCH,15/06/2007,4.0,,,590.0
KONCH,16/06/2007,5.0,,,600.0
KONCH,17/06/2007,6.0,,,610.0
KONCH,18/06/2007,5.0,,,620.0
KONCH,19/06/2007,2.0,,,625.0
KONCH,21/06/2007,4.0,,,620.0
KONCH,22/06/2007,4.5,,,625.0
KONCH,23/06/2007,4.0,,,630.0
KONCH,24/06/2007,3.5,,,625.0
KONCH,25/06/2007,4.5,,,650.0
KONCH,26/06/2007,5.0,,,645.0
KONCH,28/06/2007,4.0,,,650.0
KONCH,29/06/2007,5.0,,,640.0
KONCH,30/06/2007,4.0,,,650.0
KOSIKALAN,01/06/2007,12.0,490.0,510.0,500.0
KOSIKALAN,02/06/2007,9.0,500.0,540.0,510.0
KOSIKALAN,04/06/2007,11.0,500.0,540.0,520.0
KOSIKALAN,05/06/2007,14.0,500.0,520.0,515.0
KOSIKALAN,06/06/2007,8.0,490.0,520.0,500.0
KOSIKALAN,07/06/2007,8.0,520.0,530.0,525.0
KOSIKALAN,08/06/2007,9.0,520.0,540.0,530.0
KOSIKALAN,09/06/2007,8.0,500.0,530.0,520.0
KOSIKALAN,11/06/2007,8.0,500.0,540.0,525.0
KOSIKALAN,12/06/2007,9.0,500.0,530.0,520.0
KOSIKALAN,13/06/2007,9.0,520.0,530.0,525.0
KOSIKALAN,14/06/2007,8.0,500.0,540.0,530.0
KOSIKALAN,15/06/2007,9.0,490.0,510.0,500.0
KOSIKALAN,16/06/2007,8.0,510.0,530.0,525.0
KOSIKALAN,18/06/2007,8.0,500.0,530.0,520.0
KOSIKALAN,19/06/2007,11.0,500.0,520.0,510.0
KOSIKALAN,20/06/2007,8.0,520.0,560.0,540.0
KOSIKALAN,21/06/2007,12.0,510.0,550.0,530.0
KOSIKALAN,22/06/2007,9.0,530.0,540.0,535.0
KOSIKALAN,23/06/2007,8.0,,,
KOSIKALAN,25/06/2007,9.0,530.0,550.0,540.0
KOSIKALAN,26/06/2007,8.0,540.0,560.0,550.0
KOSIKALAN,27/06/2007,11.0,530.0,560.0,540.0
KOSIKALAN,28/06/2007,8.0,510.0,540.0,530.0
KOSIKALAN,29/06/2007,7.0,530.0,550.0,545.0
KOSIKALAN,30/06/2007,6.0,520.0,560.0,550.0
LAKHIMPUR,01/06/2007,45.0,500.0,530.0,520.0
LAKHIMPUR,02/06/2007,40.0,500.0,540.0,520.0
LAKHIMPUR,03/06/2007,50.0,470.0,500.0,485.0
LAKHIMPUR,04/06/2007,50.0,470.0,490.0,485.0
LAKHIMPUR,05/06/2007,55.0,470.0,490.0,480.0
LAKHIMPUR,06/06/2007,60.0,470.0,490.0,480.0
LAKHIMPUR,07/06/2007,55.0,460.0,500.0,480.0
LAKHIMPUR,10/06/2007,57.5,470.0,490.0,480.0
LAKHIMPUR,11/06/2007,60.0,470.0,490.0,480.0
LAKHIMPUR,12/06/2007,50.0,460.0,500.0,480.0
LAKHIMPUR,13/06/2007,50.0,500.0,540.0,520.0
LAKHIMPUR,16/06/2007,35.0,550.0,570.0,560.0
LAKHIMPUR,17/06/2007,30.0,550.0,580.0,570.0
LAKHIMPUR,19/06/2007,35.0,540.0,580.0,560.0
LAKHIMPUR,21/06/2007,30.0,560.0,590.0,575.0
LAKHIMPUR,23/06/2007,45.0,570.0,600.0,585.0
LAKHIMPUR,25/06/2007,30.0,580.0,600.0,590.0
LAKHIMPUR,26/06/2007,35.0,580.0,600.0,595.0
LAKHIMPUR,27/06/2007,40.0,580.0,620.0,600.0
LAKHIMPUR,28/06/2007,35.0,580.0,620.0,600.0
LAKHIMPUR,29/06/2007,30.0,600.0,630.0,615.0
LAKHIMPUR,30/06/2007,35.0,600.0,630.0,620.0
LALITPUR,01/06/2007,32.5,,,580.0
LALITPUR,02/06/2007,30.0,,,585.0
LALITPUR,11/06/2007,25.0,,,650.0
LALITPUR,12/06/2007,30.0,,,600.0
LALITPUR,13/06/2007,20.0,,,600.0
LALITPUR,14/06/2007,25.0,,,600.0
LALITPUR,15/06/2007,22.5,,,600.0
LALITPUR,16/06/2007,20.0,,,610.0
LALITPUR,18/06/2007,27.5,,,600.0
LALITPUR,19/06/2007,25.0,,,605.0
LALITPUR,21/06/2007,30.0,,,600.0
LALITPUR,22/06/2007,25.0,,,600.0
LALITPUR,23/06/2007,30.0,,,600.0
LALITPUR,26/06/2007,26.0,,,700.0
LALITPUR,27/06/2007,30.0,,,700.0
LALITPUR,28/06/2007,28.0,,,700.0
LALITPUR,30/06/2007,35.0,,,700.0
LUCKNOW,01/06/2007,62.5,,,585.0
LUCKNOW,,,,,485.0
LUCKNOW,02/06/2007,51.0,,,585.0
LUCKNOW,03/06/2007,61.5,,,585.0
LUCKNOW,04/06/2007,61.0,,,585.0
LUCKNOW,05/06/2007,59.0,,,600.0
LUCKNOW,06/06/2007,59.5,,,600.0
LUCKNOW,07/06/2007,59.0,,,600.0
LUCKNOW,08/06/2007,62.0,,,600.0
LUCKNOW,09/06/2007,62.0,,,600.0
LUCKNOW,10/06/2007,61.0,,,600.0
LUCKNOW,11/06/2007,58.0,,,610.0
LUCKNOW,13/06/2007,62.5,,,610.0
LUCKNOW,14/06/2007,59.0,,,610.0
LUCKNOW,15/06/2007,63.0,,,610.0
LUCKNOW,16/06/2007,62.5,,,610.0
LUCKNOW,17/06/2007,58.0,,,625.0
LUCKNOW,18/06/2007,60.5,,,625.0
LUCKNOW,20/06/2007,57.5,,,650.0
LUCKNOW,21/06/2007,58.5,,,650.0
LUCKNOW,22/06/2007,57.0,,,675.0
LUCKNOW,23/06/2007,56.5,,,675.0
MAHOBA,01/06/2007,15.0,,,
MAHOBA,02/06/2007,14.0,,,
MAHOBA,03/06/2007,15.0,,,
MAHOBA,04/06/2007,12.5,,,
MAHOBA,06/06/2007,10.0,,,
MAHOBA,07/06/2007,15.0,,,
MAHOBA,08/06/2007,20.0,,,
MAHOBA,09/06/2007,15.0,,,
MAHOBA,10/06/2007,12.0,,,
MAHOBA,11/06/2007,15.0,,,
MAHOBA,13/06/2007,16.0,,,
MAHOBA,14/06/2007,18.0,,,
MAHOBA,15/06/2007,20.0,,,
MAHOBA,16/06/2007,25.0,,,
MAHOBA,17/06/2007,15.0,,,
MAHOBA,18/06/2007,20.0,,,
MAHOBA,20/06/2007,15.0,,,
MAHOBA,21/06/2007,12.0,,,
MAHOBA,22/06/2007,15.0,,,
MAHOBA,23/06/2007,20.0,,,
MAHOBA,24/06/2007,15.0,,,
MAHOBA,25/06/2007,15.0,,,
MAHOBA,27/06/2007,15.0,,,
MAHOBA,28/06/2007,18.0,,,
MAINPURI,01/06/2007,70.0,500.0,540.0,530.0
MAINPURI,02/06/2007,55.0,500.0,545.0,540.0
MAINPURI,04/06/2007,50.0,500.0,545.0,540.0
MAINPURI,05/06/2007,47.0,500.0,545.0,540.0
MAINPURI,06/06/2007,45.0,500.0,540.0,535.0
MAINPURI,07/06/2007,47.5,510.0,550.0,545.0
MAINPURI,08/06/2007,60.0,500.0,550.0,545.0
MAINPURI,09/06/2007,65.0,510.0,555.0,550.0
MAINPURI,11/06/2007,60.0,515.0,560.0,550.0
MAINPURI,12/06/2007,57.5,525.0,562.0,560.0
MAINPURI,13/06/2007,70.0,535.0,560.0,555.0
MAINPURI,14/06/2007,50.0,530.0,563.0,560.0
MAINPURI,15/06/2007,48.5,525.0,567.0,565.0
MAINPURI,16/06/2007,46.0,530.0,575.0,570.0
MAINPURI,18/06/2007,52.5,535.0,580.0,575.0
MAINPURI,19/06/2007,46.0,540.0,580.0,575.0
MAINPURI,20/06/2007,43.5,540.0,580.0,570.0
MAINPURI,21/06/2007,37.5,535.0,580.0,575.0
MAINPURI,22/06/2007,45.0,550.0,585.0,580.0
MAINPURI,23/06/2007,50.0,545.0,585.0,580.0
MAINPURI,25/06/2007,55.0,550.0,585.0,580.0
MAINPURI,26/06/2007,50.0,565.0,592.0,585.0
MAINPURI,27/06/2007,45.0,570.0,590.0,580.0
MAINPURI,28/06/2007,60.0,570.0,585.0,580.0
MAINPURI,29/06/2007,55.0,565.0,590.0,585.0
MAINPURI,30/06/2007,50.0,560.0,590.0,585.0
MATHURA,01/06/2007,30.0,545.0,575.0,550.0
MATHURA,02/06/2007,20.0,520.0,550.0,530.0
MATHURA,04/06/2007,27.5,530.0,545.0,535.0
MATHURA,05/06/2007,30.0,510.0,535.0,520.0
MATHURA,07/06/2007,21.0,515.0,560.0,530.0
MATHURA,08/06/2007,30.0,520.0,550.0,540.0
MATHURA,09/06/2007,31.0,510.0,540.0,530.0
MATHURA,11/06/2007,31.0,500.0,550.0,540.0
MATHURA,12/06/2007,40.0,510.0,535.0,525.0
MATHURA,13/06/2007,30.0,495.0,520.0,505.0
MATHURA,14/06/2007,35.0,485.0,525.0,500.0
MATHURA,15/06/2007,28.0,500.0,525.0,507.0
MATHURA,16/06/2007,30.0,500.0,520.0,505.0
MATHURA,18/06/2007,36.0,490.0,520.0,500.0
MATHURA,19/06/2007,27.5,485.0,525.0,500.0
MATHURA,20/06/2007,32.0,480.0,520.0,510.0
MATHURA,21/06/2007,45.0,505.0,535.0,520.0
MATHURA,22/06/2007,35.0,500.0,535.0,525.0
MATHURA,23/06/2007,21.0,505.0,540.0,525.0
MATHURA,25/06/2007,30.0,480.0,550.0,500.0
MATHURA,26/06/2007,40.0,505.0,545.0,525.0
MATHURA,27/06/2007,50.0,520.0,550.0,535.0
MATHURA,28/06/2007,35.0,520.0,550.0,530.0
MATHURA,29/06/2007,37.5,520.0,550.0,530.0
MAURANIPUR,01/06/2007,3.0,525.0,565.0,550.0
MAURANIPUR,02/06/2007,2.5,530.0,570.0,560.0
MAURANIPUR,03/06/2007,3.0,550.0,575.0,565.0
MAURANIPUR,05/06/2007,3.0,540.0,570.0,560.0
MAURANIPUR,06/06/2007,3.0,550.0,570.0,560.0
MAURANIPUR,07/06/2007,4.0,525.0,560.0,550.0
MAURANIPUR,08/06/2007,3.5,525.0,565.0,550.0
MAURANIPUR,09/06/2007,4.0,550.0,570.0,555.0
MAURANIPUR,10/06/2007,3.0,540.0,560.0,550.0
MAURANIPUR,12/06/2007,3.0,540.0,570.0,560.0
MAURANIPUR,13/06/2007,3.5,550.0,580.0,570.0
MAURANIPUR,14/06/2007,4.0,550.0,570.0,565.0
MAURANIPUR,15/06/2007,3.0,540.0,570.0,560.0
MAURANIPUR,16/06/2007,2.5,550.0,575.0,565.0
MAURANIPUR,19/06/2007,2.0,550.0,575.0,565.0
MAURANIPUR,20/06/2007,2.5,550.0,585.0,570.0
MAURANIPUR,21/06/2007,2.0,675.0,710.0,700.0
MAURANIPUR,22/06/2007,3.2,680.0,710.0,700.0
MAURANIPUR,23/06/2007,2.5,690.0,715.0,700.0
MAURANIPUR,24/06/2007,2.0,685.0,710.0,700.0
MAURANIPUR,28/06/2007,2.0,685.0,715.0,700.0
MAURANIPUR,29/06/2007,2.5,690.0,715.0,700.0
MAWANA,01/06/2007,7.0,,,570.0
MAWANA,02/06/2007,9.0,,,560.0
MAWANA,09/06/2007,9.5,,,555.0
MAWANA,11/06/2007,8.0,,,570.0
MAWANA,12/06/2007,11.0,,,575.0
MAWANA,13/06/2007,8.0,,,585.0
MEERUT,02/06/2007,72.0,,,545.0
MEERUT,06/06/2007,79.0,,,545.0
MEERUT,07/06/2007,88.0,,,540.0
MEERUT,08/06/2007,800.0,,,540.0
MEERUT,09/06/2007,70.0,,,540.0
MEERUT,11/06/2007,65.0,,,540.0
MEERUT,12/06/2007,72.0,,,545.0
MEERUT,13/06/2007,80.0,,,550.0
MEERUT,14/06/2007,60.0,,,
MEERUT,15/06/2007,75.0,,,550.0
MEERUT,16/06/2007,63.0,,,
MEERUT,18/06/2007,84.0,,,565.0
MEERUT,19/06/2007,76.0,,,570.0
MEERUT,20/06/2007,82.0,,,580.0
MEERUT,21/06/2007,74.0,,,580.0
MEERUT,22/06/2007,65.0,,,590.0
MEERUT,23/06/2007,60.0,,,620.0
MEERUT,25/06/2007,61.0,,,730.0
MEERUT,26/06/2007,73.0,,,615.0
MEERUT,27/06/2007,65.0,,,620.0
MEERUT,28/06/2007,61.0,,,625.0
MEERUT,29/06/2007,70.0,,,635.0
MEERUT,30/06/2007,75.0,,,640.0
MIRZAPUR,08/06/2007,250.0,600.0,675.0,620.0
MIRZAPUR,09/06/2007,350.0,600.0,675.0,625.0
MIRZAPUR,11/06/2007,400.0,600.0,675.0,635.0
MIRZAPUR,12/06/2007,450.0,600.0,675.0,635.0
MIRZAPUR,13/06/2007,300.0,600.0,675.0,650.0
MIRZAPUR,14/06/2007,250.0,600.0,675.0,650.0
MIRZAPUR,15/06/2007,350.0,600.0,675.0,650.0
MIRZAPUR,16/06/2007,300.0,600.0,675.0,650.0
MIRZAPUR,18/06/2007,400.0,600.0,675.0,650.0
MIRZAPUR,20/06/2007,250.0,650.0,750.0,700.0
MIRZAPUR,21/06/2007,360.0,650.0,750.0,700.0
MIRZAPUR,22/06/2007,400.0,650.0,750.0,700.0
MIRZAPUR,23/06/2007,350.0,650.0,750.0,720.0
MIRZAPUR,25/06/2007,35.0,650.0,750.0,720.0
MIRZAPUR,26/06/2007,30.0,650.0,750.0,720.0
MIRZAPUR,27/06/2007,25.0,650.0,750.0,720.0
MIRZAPUR,28/06/2007,350.0,650.0,750.0,710.0
MIRZAPUR,29/06/2007,300.0,650.0,750.0,710.0
MIRZAPUR,30/06/2007,400.0,650.0,750.0,710.0
MOTH,01/06/2007,2.0,,,565.0
MOTH,02/06/2007,1.5,,,570.0
MOTH,03/06/2007,1.5,,,570.0
MOTH,04/06/2007,1.0,,,570.0
MOTH,05/06/2007,1.5,,,575.0
MOTH,06/06/2007,0.9,,,560.0
MOTH,08/06/2007,1.0,,,565.0
MOTH,09/06/2007,1.2,,,560.0
MOTH,10/06/2007,1.3,,,555.0
MOTH,11/06/2007,1.2,,,560.0
MOTH,12/06/2007,1.5,,,555.0
MOTH,29/06/2007,1.5,,,800.0
MURADABAD,02/06/2007,45.0,600.0,630.0,615.0
MURADABAD,03/06/2007,50.0,600.0,635.0,610.0
MURADABAD,04/06/2007,40.0,610.0,635.0,620.0
MURADABAD,05/06/2007,38.0,615.0,650.0,625.0
MURADABAD,06/06/2007,32.5,610.0,645.0,620.0
MURADABAD,07/06/2007,30.0,620.0,650.0,635.0
MURADABAD,08/06/2007,35.0,625.0,655.0,640.0
MURADABAD,09/06/2007,40.0,620.0,650.0,635.0
MURADABAD,10/06/2007,44.0,615.0,645.0,630.0
MURADABAD,11/06/2007,50.0,610.0,640.0,625.0
MURADABAD,12/06/2007,40.0,620.0,650.0,635.0
MURADABAD,14/06/2007,38.0,630.0,660.0,650.0
MURADABAD,15/06/2007,25.0,635.0,665.0,655.0
MURADABAD,16/06/2007,27.0,640.0,675.0,660.0
MURADABAD,17/06/2007,32.0,635.0,665.0,650.0
MURADABAD,18/06/2007,35.0,640.0,670.0,650.0
MURADABAD,19/06/2007,40.0,,,
MURADABAD,20/06/2007,32.5,640.0,660.0,650.0
MURADABAD,,,640.0,660.0,650.0
MURADABAD,21/06/2007,31.5,650.0,670.0,660.0
MURADABAD,22/06/2007,30.0,640.0,670.0,655.0
MURADABAD,23/06/2007,45.0,645.0,675.0,660.0
MURADABAD,24/06/2007,38.0,635.0,665.0,650.0
MURADABAD,25/06/2007,27.5,640.0,670.0,655.0
MURADABAD,26/06/2007,27.0,640.0,675.0,660.0
MURADABAD,27/06/2007,30.0,635.0,660.0,650.0
MURADABAD,28/06/2007,25.0,640.0,665.0,655.0
MURADABAD,29/06/2007,23.0,645.0,670.0,660.0
MURADNAGAR,01/06/2007,7.0,560.0,625.0,580.0
MURADNAGAR,02/06/2007,8.5,550.0,600.0,575.0
MURADNAGAR,03/06/2007,7.5,545.0,610.0,575.0
MURADNAGAR,04/06/2007,8.0,550.0,605.0,580.0
MURADNAGAR,05/06/2007,6.0,545.0,600.0,570.0
MURADNAGAR,06/06/2007,8.5,550.0,600.0,575.0
MURADNAGAR,07/06/2007,5.0,555.0,610.0,580.0
MURADNAGAR,08/06/2007,7.0,535.0,610.0,570.0
MURADNAGAR,09/06/2007,8.0,550.0,605.0,575.0
MURADNAGAR,10/06/2007,5.0,560.0,610.0,580.0
MURADNAGAR,11/06/2007,6.5,550.0,610.0,585.0
MURADNAGAR,12/06/2007,7.5,560.0,610.0,580.0
MURADNAGAR,13/06/2007,6.5,550.0,610.0,580.0
MURADNAGAR,14/06/2007,5.0,540.0,600.0,575.0
MURADNAGAR,15/06/2007,7.5,550.0,600.0,575.0
MURADNAGAR,16/06/2007,3.0,585.0,610.0,585.0
MURADNAGAR,17/06/2007,5.0,560.0,615.0,585.0
MURADNAGAR,18/06/2007,6.5,550.0,610.0,585.0
MURADNAGAR,19/06/2007,7.5,545.0,610.0,580.0
MURADNAGAR,20/06/2007,8.5,550.0,610.0,575.0
MURADNAGAR,21/06/2007,9.5,545.0,600.0,575.0
MURADNAGAR,22/06/2007,7.0,540.0,605.0,580.0
MURADNAGAR,23/06/2007,5.0,565.0,610.0,585.0
MURADNAGAR,24/06/2007,6.0,550.0,615.0,585.0
MURADNAGAR,25/06/2007,7.0,550.0,610.0,585.0
MURADNAGAR,26/06/2007,6.0,580.0,625.0,600.0
MURADNAGAR,27/06/2007,5.0,585.0,620.0,600.0
MURADNAGAR,28/06/2007,7.0,570.0,630.0,600.0
MURADNAGAR,29/06/2007,6.5,585.0,635.0,610.0
MURADNAGAR,30/06/2007,8.0,585.0,640.0,615.0
MUZZAFARNAGAR,02/06/2007,12.0,600.0,650.0,625.0
MUZZAFARNAGAR,03/06/2007,14.0,600.0,650.0,625.0
MUZZAFARNAGAR,04/06/2007,13.0,600.0,650.0,625.0
MUZZAFARNAGAR,05/06/2007,12.5,600.0,650.0,625.0
MUZZAFARNAGAR,06/06/2007,13.5,600.0,650.0,625.0
MUZZAFARNAGAR,07/06/2007,12.0,600.0,650.0,625.0
MUZZAFARNAGAR,08/06/2007,13.0,600.0,650.0,625.0
MUZZAFARNAGAR,09/06/2007,14.0,600.0,640.0,625.0
MUZZAFARNAGAR,10/06/2007,15.0,600.0,640.0,625.0
MUZZAFARNAGAR,11/06/2007,12.0,600.0,645.0,625.0
MUZZAFARNAGAR,12/06/2007,13.5,600.0,650.0,625.0
MUZZAFARNAGAR,13/06/2007,13.0,600.0,650.0,625.0
MUZZAFARNAGAR,14/06/2007,12.0,600.0,650.0,625.0
MUZZAFARNAGAR,15/06/2007,14.0,600.0,650.0,625.0
MUZZAFARNAGAR,16/06/2007,13.0,600.0,650.0,625.0
MUZZAFARNAGAR,17/06/2007,12.5,600.0,650.0,625.0
MUZZAFARNAGAR,18/06/2007,14.0,600.0,650.0,625.0
MUZZAFARNAGAR,19/06/2007,13.0,600.0,650.0,625.0
MUZZAFARNAGAR,20/06/2007,12.0,600.0,650.0,625.0
MUZZAFARNAGAR,21/06/2007,13.5,600.0,650.0,625.0
MUZZAFARNAGAR,22/06/2007,12.5,600.0,650.0,625.0
MUZZAFARNAGAR,23/06/2007,14.0,600.0,650.0,625.0
MUZZAFARNAGAR,24/06/2007,13.0,600.0,650.0,625.0
MUZZAFARNAGAR,25/06/2007,12.0,600.0,650.0,625.0
MUZZAFARNAGAR,26/06/2007,12.5,600.0,650.0,625.0
MUZZAFARNAGAR,27/06/2007,11.5,600.0,650.0,625.0
MUZZAFARNAGAR,28/06/2007,13.0,600.0,650.0,625.0
MUZZAFARNAGAR,29/06/2007,12.5,600.0,650.0,625.0
MUZZAFARNAGAR,30/06/2007,13.5,600.0,650.0,625.0
ORAI,01/06/2007,5.0,,,630.0
ORAI,02/06/2007,6.0,,,630.0
ORAI,03/06/2007,7.0,,,630.0
ORAI,04/06/2007,6.5,,,630.0
ORAI,06/06/2007,6.0,,,635.0
ORAI,07/06/2007,6.5,,,635.0
ORAI,08/06/2007,5.5,,,635.0
ORAI,09/06/2007,6.0,,,635.0
ORAI,10/06/2007,6.5,,,635.0
ORAI,11/06/2007,6.0,,,635.0
ORAI,13/06/2007,7.0,,,640.0
ORAI,14/06/2007,6.5,,,640.0
ORAI,15/06/2007,6.0,,,650.0
ORAI,17/06/2007,6.0,,,650.0
ORAI,18/06/2007,5.0,,,650.0
ORAI,21/06/2007,5.0,,,670.0
ORAI,22/06/2007,4.5,,,675.0
ORAI,23/06/2007,4.0,,,675.0
ORAI,24/06/2007,4.5,,,680.0
ORAI,25/06/2007,3.5,,,680.0
ORAI,27/06/2007,3.0,,,680.0
ORAI,28/06/2007,3.8,,,680.0
ORAI,29/06/2007,2.0,,,680.0
ORAI,30/06/2007,2.5,,,680.0
PILIBHIT,01/06/2007,35.0,550.0,575.0,560.0
PILIBHIT,02/06/2007,40.0,,,
PILIBHIT,03/06/2007,20.0,570.0,600.0,580.0
PILIBHIT,04/06/2007,30.0,560.0,580.0,570.0
PILIBHIT,05/06/2007,28.0,570.0,590.0,575.0
PILIBHIT,06/06/2007,36.0,550.0,575.0,565.0
PILIBHIT,07/06/2007,30.0,560.0,575.0,570.0
PILIBHIT,08/06/2007,26.0,560.0,585.0,575.0
PILIBHIT,09/06/2007,35.0,565.0,580.0,570.0
PILIBHIT,10/06/2007,25.0,565.0,580.0,575.0
PILIBHIT,12/06/2007,30.0,560.0,580.0,575.0
PILIBHIT,13/06/2007,28.0,575.0,590.0,580.0
PILIBHIT,14/06/2007,35.0,565.0,585.0,575.0
PILIBHIT,15/06/2007,30.0,575.0,590.0,585.0
PILIBHIT,16/06/2007,40.0,570.0,590.0,580.0
PILIBHIT,17/06/2007,30.0,560.0,580.0,570.0
PILIBHIT,18/06/2007,45.0,565.0,585.0,575.0
PILIBHIT,19/06/2007,46.0,560.0,575.0,570.0
PILIBHIT,20/06/2007,40.0,570.0,580.0,575.0
PILIBHIT,21/06/2007,30.0,550.0,585.0,570.0
PILIBHIT,22/06/2007,25.0,560.0,590.0,565.0
PILIBHIT,23/06/2007,30.0,540.0,580.0,560.0
PILIBHIT,24/06/2007,35.0,540.0,570.0,560.0
PILIBHIT,25/06/2007,28.0,560.0,580.0,570.0
PILIBHIT,26/06/2007,26.0,580.0,590.0,585.0
PILIBHIT,27/06/2007,30.0,570.0,590.0,580.0
PILIBHIT,28/06/2007,28.0,580.0,610.0,590.0
PILIBHIT,29/06/2007,20.0,575.0,600.0,585.0
PILIBHIT,30/06/2007,30.0,585.0,600.0,590.0
PRATAPGARH,01/06/2007,8.0,,,640.0
PRATAPGARH,03/06/2007,9.0,,,615.0
PRATAPGARH,04/06/2007,8.5,,,600.0
PRATAPGARH,05/06/2007,8.0,,,600.0
PRATAPGARH,06/06/2007,10.0,,,605.0
PRATAPGARH,08/06/2007,8.5,,,600.0
PRATAPGARH,10/06/2007,8.0,,,615.0
PRATAPGARH,11/06/2007,9.0,,,625.0
PRATAPGARH,12/06/2007,8.0,,,625.0
PRATAPGARH,13/06/2007,9.0,,,625.0
PRATAPGARH,14/06/2007,7.0,,,625.0
PRATAPGARH,15/06/2007,4.0,,,630.0
PRATAPGARH,17/06/2007,5.0,,,625.0
PRATAPGARH,18/06/2007,8.0,,,625.0
PRATAPGARH,19/06/2007,5.0,,,625.0
PRATAPGARH,20/06/2007,7.0,,,670.0
PRATAPGARH,21/06/2007,6.0,,,680.0
PRATAPGARH,22/06/2007,6.0,,,700.0
PRATAPGARH,24/06/2007,8.0,,,700.0
PRATAPGARH,25/06/2007,7.0,,,700.0
PRATAPGARH,26/06/2007,7.0,,,700.0
PRATAPGARH,27/06/2007,8.0,,,700.0
PRATAPGARH,28/06/2007,7.0,,,700.0
PRATAPGARH,29/06/2007,8.5,,,700.0
RAIBAREILLY,01/06/2007,10.0,615.0,630.0,625.0
RAIBAREILLY,02/06/2007,6.0,610.0,630.0,615.0
RAIBAREILLY,03/06/2007,7.0,610.0,630.0,620.0
RAIBAREILLY,04/06/2007,15.0,625.0,635.0,630.0
RAIBAREILLY,06/06/2007,11.0,625.0,635.0,630.0
RAIBAREILLY,07/06/2007,20.0,625.0,635.0,630.0
RAIBAREILLY,08/06/2007,22.0,625.0,635.0,630.0
RAIBAREILLY,09/06/2007,7.5,625.0,635.0,630.0
RAIBAREILLY,10/06/2007,10.0,610.0,625.0,620.0
RAIBAREILLY,11/06/2007,36.0,615.0,625.0,620.0
RAIBAREILLY,13/06/2007,17.5,615.0,625.0,620.0
RAIBAREILLY,14/06/2007,24.0,610.0,635.0,630.0
RAIBAREILLY,15/06/2007,7.5,650.0,660.0,655.0
RAIBAREILLY,16/06/2007,13.5,640.0,660.0,650.0
RAIBAREILLY,17/06/2007,31.0,640.0,660.0,650.0
RAIBAREILLY,18/06/2007,10.0,640.0,660.0,650.0
RAIBAREILLY,20/06/2007,18.0,630.0,660.0,645.0
RAIBAREILLY,21/06/2007,27.5,630.0,660.0,650.0
RAIBAREILLY,22/06/2007,12.0,635.0,660.0,650.0
RAIBAREILLY,23/06/2007,14.0,650.0,660.0,655.0
RAIBAREILLY,24/06/2007,16.0,650.0,660.0,655.0
RAIBAREILLY,25/06/2007,10.0,660.0,675.0,670.0
RAIBAREILLY,27/06/2007,31.5,670.0,690.0,680.0
RAIBAREILLY,28/06/2007,6.0,670.0,690.0,680.0
RAIBAREILLY,29/06/2007,20.0,670.0,690.0,680.0
RAMPUR,01/06/2007,20.6,,,
RAMPUR,02/06/2007,21.0,555.0,568.0,560.0
RAMPUR,03/06/2007,19.2,558.0,565.0,562.0
RAMPUR,04/06/2007,18.7,552.0,565.0,560.0
RAMPUR,05/06/2007,19.8,560.0,565.0,562.0
RAMPUR,06/06/2007,18.7,557.0,568.0,565.0
RAMPUR,07/06/2007,21.2,562.0,567.0,565.0
RAMPUR,08/06/2007,19.8,563.0,567.0,565.0
RAMPUR,10/06/2007,18.7,560.0,565.0,562.0
RAMPUR,11/06/2007,19.2,560.0,565.0,562.0
RAMPUR,12/06/2007,16.5,570.0,585.0,575.0
RAMPUR,13/06/2007,17.5,,,572.0
RAMPUR,14/06/2007,12.8,585.0,605.0,590.0
RAMPUR,15/06/2007,12.0,590.0,595.0,592.0
RAMPUR,16/06/2007,10.8,600.0,612.0,605.0
RAMPUR,17/06/2007,9.5,,,612.0
RAMPUR,18/06/2007,8.2,,,615.0
RAMPUR,19/06/2007,9.6,610.0,615.0,612.0
RAMPUR,20/06/2007,8.7,608.0,628.0,620.0
RAMPUR,21/06/2007,8.2,615.0,625.0,620.0
RAMPUR,22/06/2007,7.5,,,620.0
RAMPUR,23/06/2007,8.0,615.0,620.0,618.0
RAMPUR,24/06/2007,8.7,625.0,635.0,630.0
RAMPUR,25/06/2007,9.3,628.0,640.0,632.0
RAMPUR,26/06/2007,8.8,630.0,638.0,635.0
RAMPUR,27/06/2007,10.5,630.0,635.0,632.0
RAMPUR,28/06/2007,6.2,635.0,642.0,638.0
RAMPUR,29/06/2007,7.0,630.0,640.0,635.0
RAMPUR,30/06/2007,6.3,635.0,640.0,638.0
SAHARANPUR,01/06/2007,300.0,475.0,590.0,510.0
SAHARANPUR,02/06/2007,400.0,500.0,575.0,515.0
SAHARANPUR,03/06/2007,375.0,500.0,575.0,515.0
SAHARANPUR,04/06/2007,400.0,470.0,580.0,515.0
SAHARANPUR,05/06/2007,500.0,470.0,595.0,520.0
SAHARANPUR,06/06/2007,300.0,500.0,580.0,520.0
SAHARANPUR,07/06/2007,225.0,480.0,590.0,530.0
SAHARANPUR,08/06/2007,250.0,500.0,590.0,525.0
SAHARANPUR,09/06/2007,300.0,480.0,600.0,525.0
SAHARANPUR,10/06/2007,275.0,470.0,600.0,520.0
SAHARANPUR,11/06/2007,310.0,460.0,590.0,520.0
SAHARANPUR,12/06/2007,200.0,465.0,590.0,515.0
SAHARANPUR,13/06/2007,170.0,480.0,595.0,520.0
SAHARANPUR,14/06/2007,150.0,490.0,560.0,525.0
SAHARANPUR,16/06/2007,115.0,500.0,560.0,530.0
SAHARANPUR,17/06/2007,200.0,515.0,525.0,520.0
SAHARANPUR,29/06/2007,450.0,560.0,580.0,575.0
SARDHANA,01/06/2007,2.5,525.0,550.0,540.0
SARDHANA,02/06/2007,2.0,525.0,555.0,540.0
SARDHANA,03/06/2007,3.5,,,
SARDHANA,04/06/2007,3.0,520.0,570.0,550.0
SARDHANA,05/06/2007,4.0,525.0,575.0,560.0
SARDHANA,06/06/2007,3.5,525.0,575.0,545.0
SARDHANA,07/06/2007,8.0,530.0,580.0,550.0
SARDHANA,08/06/2007,6.0,530.0,580.0,550.0
SARDHANA,09/06/2007,5.0,520.0,575.0,540.0
SARDHANA,10/06/2007,3.0,520.0,580.0,550.0
SARDHANA,11/06/2007,4.0,520.0,585.0,560.0
SARDHANA,12/06/2007,5.0,525.0,575.0,555.0
SARDHANA,15/06/2007,12.0,,,
SARDHANA,16/06/2007,6.0,,,540.0
SARDHANA,17/06/2007,10.0,,,545.0
SARDHANA,18/06/2007,9.0,,,550.0
SARDHANA,19/06/2007,7.5,,,555.0
SARDHANA,20/06/2007,6.0,,,450.0
SARDHANA,21/06/2007,7.5,,,565.0
SARDHANA,22/06/2007,5.0,,,565.0
SARDHANA,23/06/2007,6.0,,,570.0
SARDHANA,24/06/2007,5.0,,,570.0
SARDHANA,25/06/2007,8.0,,,575.0
SARDHANA,26/06/2007,7.0,,,575.0
SARDHANA,27/06/2007,8.0,,,580.0
SARDHANA,28/06/2007,12.0,,,585.0
SARDHANA,29/06/2007,6.0,,,585.0
SARDHANA,30/06/2007,5.0,,,585.0
SHAHJAHANPUR,01/06/2007,860.0,500.0,520.0,510.0
SHAHJAHANPUR,02/06/2007,740.0,510.0,530.0,520.0
SHAHJAHANPUR,04/06/2007,845.0,510.0,530.0,520.0
SHAHJAHANPUR,05/06/2007,790.0,515.0,535.0,525.0
SHAHJAHANPUR,06/06/2007,720.0,505.0,538.0,525.0
SHAHJAHANPUR,07/06/2007,685.0,510.0,550.0,530.0
SHAHJAHANPUR,08/06/2007,670.0,510.0,550.0,530.0
SHAHJAHANPUR,09/06/2007,820.0,505.0,540.0,525.0
SHAHJAHANPUR,11/06/2007,835.0,510.0,550.0,525.0
SHAHJAHANPUR,12/06/2007,760.0,510.0,550.0,530.0
SHAHJAHANPUR,13/06/2007,530.0,515.0,550.0,530.0
SHAHJAHANPUR,14/06/2007,460.0,520.0,550.0,535.0
SHAHJAHANPUR,15/06/2007,375.0,525.0,550.0,535.0
SHAHJAHANPUR,16/06/2007,310.0,525.0,560.0,540.0
SHAHJAHANPUR,18/06/2007,360.0,520.0,560.0,540.0
SHAHJAHANPUR,19/06/2007,425.0,525.0,565.0,540.0
SHAHJAHANPUR,20/06/2007,415.0,525.0,565.0,545.0
SHAHJAHANPUR,21/06/2007,470.0,525.0,560.0,545.0
SHAHJAHANPUR,22/06/2007,510.0,520.0,560.0,540.0
SHAHJAHANPUR,23/06/2007,480.0,520.0,560.0,540.0
SHAHJAHANPUR,25/06/2007,485.0,520.0,560.0,540.0
SHAHJAHANPUR,26/06/2007,475.0,530.0,560.0,545.0
SHAHJAHANPUR,27/06/2007,440.0,530.0,570.0,550.0
SHAHJAHANPUR,28/06/2007,360.0,530.0,570.0,550.0
SHAHJAHANPUR,29/06/2007,280.0,540.0,575.0,560.0
SHAHJAHANPUR,30/06/2007,310.0,540.0,580.0,560.0
SHAMLI,02/06/2007,27.0,530.0,625.0,600.0
SHAMLI,03/06/2007,28.0,550.0,600.0,587.0
SHAMLI,04/06/2007,10.0,550.0,600.0,587.0
SHAMLI,05/06/2007,25.0,560.0,600.0,580.0
SHAMLI,06/06/2007,20.0,563.0,625.0,587.0
SHAMLI,07/06/2007,27.0,555.0,615.0,587.0
SHAMLI,08/06/2007,10.0,555.0,615.0,590.0
SHAMLI,09/06/2007,17.0,535.0,610.0,600.0
SHAMLI,10/06/2007,12.0,550.0,625.0,600.0
SHAMLI,11/06/2007,10.0,550.0,625.0,610.0
SHAMLI,12/06/2007,15.0,565.0,635.0,610.0
SHAMLI,13/06/2007,75.0,565.0,635.0,590.0
SHAMLI,14/06/2007,30.0,550.0,625.0,600.0
SHAMLI,15/06/2007,20.0,555.0,625.0,600.0
SHAMLI,16/06/2007,10.0,560.0,625.0,590.0
SHAMLI,17/06/2007,2.8,565.0,625.0,600.0
SHAMLI,19/06/2007,60.0,565.0,650.0,625.0
SHAMLI,20/06/2007,26.0,565.0,650.0,625.0
SHAMLI,21/06/2007,15.0,565.0,660.0,640.0
SHAMLI,22/06/2007,15.0,565.0,670.0,650.0
SHAMLI,23/06/2007,38.0,575.0,650.0,630.0
SHAMLI,24/06/2007,18.0,580.0,655.0,625.0
SHAMLI,25/06/2007,18.0,580.0,655.0,630.0
SHAMLI,26/06/2007,50.0,620.0,665.0,645.0
SHAMLI,27/06/2007,30.0,585.0,665.0,655.0
SHAMLI,28/06/2007,24.5,550.0,640.0,625.0
SHAMLI,29/06/2007,35.0,530.0,625.0,600.0
SIKANDRARAAU,01/06/2007,5.0,510.0,540.0,525.0
SIKANDRARAAU,02/06/2007,6.0,520.0,550.0,530.0
SIKANDRARAAU,04/06/2007,5.0,520.0,560.0,535.0
SIKANDRARAAU,05/06/2007,7.5,520.0,550.0,530.0
SIKANDRARAAU,06/06/2007,6.0,510.0,545.0,525.0
SIKANDRARAAU,07/06/2007,4.0,510.0,540.0,525.0
SIKANDRARAAU,08/06/2007,5.0,515.0,550.0,530.0
SIKANDRARAAU,11/06/2007,4.0,495.0,540.0,520.0
SIKANDRARAAU,12/06/2007,5.0,510.0,540.0,525.0
SIKANDRARAAU,13/06/2007,4.0,510.0,540.0,525.0
SIKANDRARAAU,14/06/2007,2.5,505.0,550.0,530.0
SIKANDRARAAU,15/06/2007,4.0,500.0,550.0,530.0
SIKANDRARAAU,16/06/2007,3.0,505.0,550.0,530.0
SIKANDRARAAU,18/06/2007,2.5,510.0,545.0,530.0
SIKANDRARAAU,19/06/2007,4.0,515.0,550.0,535.0
SIKANDRARAAU,20/06/2007,3.0,520.0,560.0,540.0
SIKANDRARAAU,21/06/2007,4.0,530.0,570.0,550.0
SIKANDRARAAU,23/06/2007,2.5,530.0,575.0,560.0
SIKANDRARAAU,25/06/2007,3.0,530.0,575.0,560.0
SIKANDRARAAU,26/06/2007,2.0,550.0,580.0,570.0
SIKANDRARAAU,27/06/2007,3.0,550.0,575.0,560.0
SIKANDRARAAU,28/06/2007,2.0,540.0,590.0,570.0
SIKANDRARAAU,29/06/2007,2.5,540.0,590.0,570.0
SIKANDRARAAU,30/06/2007,2.0,540.0,590.0,570.0
SITAPUR,01/06/2007,48.0,650.0,700.0,660.0
SITAPUR,02/06/2007,49.0,650.0,700.0,665.0
SITAPUR,04/06/2007,40.0,625.0,700.0,650.0
SITAPUR,05/06/2007,45.0,625.0,680.0,650.0
SITAPUR,06/06/2007,35.0,625.0,680.0,660.0
SITAPUR,07/06/2007,48.0,625.0,680.0,665.0
SITAPUR,09/06/2007,45.0,650.0,675.0,660.0
SITAPUR,18/06/2007,50.0,640.0,675.0,660.0
SITAPUR,19/06/2007,45.0,640.0,700.0,665.0
SITAPUR,20/06/2007,35.0,640.0,700.0,665.0
SITAPUR,21/06/2007,36.0,600.0,680.0,650.0
SITAPUR,22/06/2007,30.0,640.0,700.0,650.0
SITAPUR,23/06/2007,38.0,640.0,700.0,650.0
SITAPUR,25/06/2007,40.0,640.0,700.0,650.0
SITAPUR,26/06/2007,35.0,625.0,700.0,650.0
SITAPUR,27/06/2007,37.0,625.0,700.0,650.0
SITAPUR,28/06/2007,34.0,625.0,700.0,640.0
SITAPUR,29/06/2007,35.0,625.0,700.0,650.0
SITAPUR,30/06/2007,42.5,625.0,700.0,650.0
SULTANPUR,16/06/2007,17.0,550.0,600.0,575.0
SULTANPUR,18/06/2007,10.0,580.0,650.0,600.0
SULTANPUR,19/06/2007,20.0,615.0,675.0,650.0
SULTANPUR,23/06/2007,15.0,680.0,725.0,700.0
SULTANPUR,25/06/2007,13.0,640.0,700.0,650.0
SULTANPUR,26/06/2007,12.0,650.0,700.0,675.0
SULTANPUR,27/06/2007,10.0,660.0,700.0,680.0
SULTANPUR,28/06/2007,13.0,680.0,700.0,690.0
UNNAO,01/06/2007,2.5,665.0,700.0,675.0
UNNAO,02/06/2007,2.3,665.0,700.0,675.0
UNNAO,03/06/2007,2.2,670.0,700.0,680.0
UNNAO,05/06/2007,2.5,670.0,700.0,680.0
UNNAO,06/06/2007,3.5,665.0,700.0,675.0
UNNAO,07/06/2007,3.0,665.0,700.0,675.0
UNNAO,08/06/2007,3.5,665.0,700.0,675.0
UNNAO,09/06/2007,3.0,665.0,700.0,680.0
UNNAO,10/06/2007,2.5,665.0,700.0,675.0
UNNAO,12/06/2007,3.2,665.0,700.0,675.0
UNNAO,13/06/2007,2.5,,,
UNNAO,14/06/2007,1.4,,,
UNNAO,15/06/2007,2.8,670.0,700.0,680.0
UNNAO,16/06/2007,3.0,665.0,700.0,675.0
UNNAO,17/06/2007,2.5,665.0,700.0,675.0
UNNAO,19/06/2007,2.8,675.0,700.0,680.0
UNNAO,20/06/2007,2.5,675.0,700.0,680.0
UNNAO,21/06/2007,2.2,675.0,700.0,685.0
UNNAO,22/06/2007,2.5,675.0,700.0,685.0
UNNAO,23/06/2007,2.8,670.0,700.0,675.0
UNNAO,24/06/2007,3.0,665.0,700.0,670.0
UNNAO,26/06/2007,2.5,665.0,700.0,670.0
UNNAO,27/06/2007,3.0,665.0,700.0,670.0
UNNAO,28/06/2007,2.8,665.0,700.0,670.0
UNNAO,29/06/2007,2.5,670.0,700.0,675.0
VARANASI(GRAIN),01/06/2007,244.0,530.0,570.0,550.0
VARANASI(GRAIN),02/06/2007,250.0,530.0,570.0,550.0
VARANASI(GRAIN),03/06/2007,250.0,540.0,575.0,560.0
VARANASI(GRAIN),04/06/2007,300.0,540.0,575.0,560.0
VARANASI(GRAIN),06/06/2007,320.0,540.0,575.0,560.0
VARANASI(GRAIN),07/06/2007,350.0,540.0,575.0,560.0
VARANASI(GRAIN),08/06/2007,290.0,550.0,585.0,570.0
VARANASI(GRAIN),09/06/2007,290.0,565.0,600.0,580.0
VARANASI(GRAIN),10/06/2007,300.0,565.0,600.0,580.0
VARANASI(GRAIN),11/06/2007,370.0,565.0,600.0,580.0
VARANASI(GRAIN),13/06/2007,300.0,575.0,610.0,590.0
VARANASI(GRAIN),14/06/2007,340.0,575.0,610.0,590.0
VARANASI(GRAIN),15/06/2007,310.0,585.0,620.0,600.0
VARANASI(GRAIN),16/06/2007,270.0,590.0,625.0,610.0
VARANASI(GRAIN),17/06/2007,330.0,590.0,625.0,610.0
VARANASI(GRAIN),18/06/2007,330.0,590.0,625.0,610.0
VARANASI(GRAIN),20/06/2007,260.0,620.0,660.0,640.0
VARANASI(GRAIN),21/06/2007,280.0,630.0,670.0,650.0
VARANASI(GRAIN),22/06/2007,330.0,630.0,670.0,650.0
VARANASI(GRAIN),23/06/2007,330.0,630.0,670.0,650.0
VARANASI(GRAIN),24/06/2007,320.0,630.0,670.0,650.0
VARANASI(GRAIN),25/06/2007,350.0,630.0,670.0,650.0
VARANASI(GRAIN),27/06/2007,410.0,625.0,660.0,640.0
VARANASI(GRAIN),28/06/2007,400.0,625.0,660.0,640.0
VARANASI(GRAIN),29/06/2007,370.0,625.0,660.0,640.0
VARANASI(GRAIN),30/06/2007,440.0,625.0,660.0,640.0
>>>>>>> 6ac9248b3ef33a88bcb4b748e11d3743f40f9979
