<<<<<<< HEAD
version https://git-lfs.github.com/spec/v1
oid sha256:97c15c09e3906e7ea3aa7237f10c670838e3c83d9d6e4ae692d6297295f6f62f
size 196965
=======
MANDINAME,DATE,ARRIVAL,MIN,MAX,PRICE
ACHALDA,01/11/2021,26.0,1200.0,1320.0,1280.0
ACHALDA,02/11/2021,14.0,1200.0,1320.0,1270.0
ACHALDA,03/11/2021,14.0,1200.0,1300.0,1260.0
ACHALDA,04/11/2021,15.0,1200.0,1320.0,1280.0
ACHALDA,06/11/2021,14.0,1200.0,1320.0,1280.0
ACHALDA,08/11/2021,15.0,1200.0,1320.0,1290.0
ACHALDA,09/11/2021,20.0,1200.0,1350.0,1310.0
ACHALDA,10/11/2021,13.0,1200.0,1400.0,1320.0
ACHALDA,11/11/2021,25.0,1240.0,1350.0,1300.0
ACHALDA,12/11/2021,25.0,1200.0,1400.0,1320.0
ACHALDA,13/11/2021,14.0,1200.0,1400.0,1330.0
ACHALDA,15/11/2021,15.0,1300.0,1400.0,1340.0
ACHALDA,16/11/2021,12.0,1300.0,1400.0,1340.0
ACHALDA,17/11/2021,14.0,1300.0,1400.0,1350.0
ACHALDA,18/11/2021,15.0,1200.0,1370.0,1330.0
ACHALDA,19/11/2021,16.0,1230.0,1400.0,1320.0
ACHALDA,20/11/2021,15.0,1300.0,1400.0,1340.0
ACHALDA,22/11/2021,21.0,1200.0,1400.0,1350.0
ACHALDA,23/11/2021,14.0,1200.0,1360.0,1300.0
ACHALDA,24/11/2021,15.0,1200.0,1350.0,1300.0
ACHALDA,25/11/2021,16.0,1200.0,1390.0,1300.0
ACHALDA,26/11/2021,14.0,1100.0,1300.0,1200.0
ACHALDA,27/11/2021,14.0,1100.0,1290.0,1200.0
ACHALDA,29/11/2021,15.0,1100.0,1250.0,1200.0
ACHALDA,30/11/2021,16.0,1100.0,1290.0,1200.0
ACHNERA,01/11/2021,80.0,1050.0,1150.0,1100.0
ACHNERA,02/11/2021,79.0,1250.0,1350.0,1300.0
ACHNERA,03/11/2021,77.0,1330.0,1400.0,1370.0
ACHNERA,05/11/2021,40.0,1300.0,1400.0,1350.0
ACHNERA,06/11/2021,55.0,1350.0,1450.0,1400.0
ACHNERA,07/11/2021,75.0,1320.0,1400.0,1360.0
ACHNERA,08/11/2021,68.0,1340.0,1440.0,1390.0
ACHNERA,09/11/2021,67.0,1400.0,1460.0,1430.0
ACHNERA,10/11/2021,67.0,1400.0,1480.0,1440.0
ACHNERA,12/11/2021,72.0,1300.0,1380.0,1340.0
ACHNERA,13/11/2021,84.0,1310.0,1390.0,1350.0
ACHNERA,14/11/2021,80.0,1320.0,1420.0,1370.0
ACHNERA,15/11/2021,74.0,1300.0,1360.0,1330.0
ACHNERA,16/11/2021,73.0,1310.0,1390.0,1350.0
ACHNERA,17/11/2021,78.0,1340.0,1400.0,1370.0
ACHNERA,19/11/2021,81.0,1200.0,1300.0,1250.0
ACHNERA,20/11/2021,81.0,1195.0,1245.0,1220.0
ACHNERA,21/11/2021,83.0,1220.0,1280.0,1250.0
ACHNERA,22/11/2021,78.0,1200.0,1280.0,1240.0
ACHNERA,23/11/2021,77.0,1200.0,1300.0,1250.0
ACHNERA,24/11/2021,78.0,1220.0,1280.0,1250.0
ACHNERA,26/11/2021,79.0,1280.0,1340.0,1310.0
ACHNERA,27/11/2021,73.0,1280.0,1340.0,1310.0
ACHNERA,29/11/2021,76.0,1220.0,1300.0,1260.0
ACHNERA,30/11/2021,78.0,1210.0,1290.0,1250.0
AGRA,02/11/2021,938.0,1050.0,1300.0,1150.0
AGRA,03/11/2021,915.0,1100.0,1300.0,1200.0
AGRA,08/11/2021,905.0,1300.0,1500.0,1420.0
AGRA,09/11/2021,910.0,1300.0,1550.0,1425.0
AGRA,10/11/2021,913.0,1300.0,1550.0,1420.0
AGRA,11/11/2021,910.0,1200.0,1450.0,1350.0
AGRA,12/11/2021,928.0,1200.0,1400.0,1300.0
AGRA,13/11/2021,930.0,1200.0,1400.0,1320.0
AGRA,15/11/2021,950.0,1200.0,1400.0,1325.0
AGRA,16/11/2021,965.0,1200.0,1450.0,1320.0
AGRA,17/11/2021,950.0,1200.0,1400.0,1280.0
AGRA,18/11/2021,900.0,1150.0,1350.0,1270.0
AGRA,19/11/2021,905.0,1150.0,1350.0,1250.0
AGRA,20/11/2021,911.0,1150.0,1400.0,1255.0
AGRA,22/11/2021,820.0,1200.0,1350.0,1260.0
AGRA,23/11/2021,825.0,1200.0,1380.0,1265.0
AGRA,24/11/2021,835.0,1200.0,1400.0,1300.0
AGRA,25/11/2021,847.0,1200.0,1450.0,1310.0
AGRA,26/11/2021,850.0,1200.0,1450.0,1315.0
AGRA,27/11/2021,850.0,1200.0,1450.0,1310.0
AGRA,29/11/2021,875.0,1150.0,1350.0,1250.0
AGRA,30/11/2021,910.0,1100.0,1350.0,1240.0
AHIRORA,01/11/2021,53.0,1350.0,1520.0,1460.0
AHIRORA,02/11/2021,63.0,1400.0,1550.0,1470.0
AHIRORA,03/11/2021,54.0,1400.0,1600.0,1500.0
AHIRORA,05/11/2021,71.0,1400.0,1530.0,1470.0
AHIRORA,06/11/2021,55.0,1600.0,1750.0,1680.0
AHIRORA,07/11/2021,53.0,1550.0,1750.0,1650.0
AHIRORA,08/11/2021,51.0,1650.0,1850.0,1750.0
AHIRORA,09/11/2021,53.0,1650.0,1820.0,1750.0
AHIRORA,10/11/2021,54.0,1700.0,1900.0,1800.0
AHIRORA,11/11/2021,53.0,1700.0,1900.0,1800.0
AHIRORA,12/11/2021,49.0,1700.0,1900.0,1800.0
AHIRORA,13/11/2021,55.0,1600.0,1750.0,1680.0
AHIRORA,15/11/2021,53.0,1500.0,1700.0,1620.0
AHIRORA,16/11/2021,53.0,1550.0,1720.0,1650.0
AHIRORA,17/11/2021,56.0,,,
AHIRORA,18/11/2021,55.0,1350.0,1550.0,1450.0
AHIRORA,20/11/2021,55.0,1400.0,1580.0,1500.0
AHIRORA,21/11/2021,52.0,1400.0,1600.0,1500.0
AHIRORA,22/11/2021,53.0,1300.0,1500.0,1420.0
AHIRORA,23/11/2021,55.0,1300.0,1450.0,1380.0
AHIRORA,24/11/2021,56.0,1300.0,1450.0,1370.0
AHIRORA,25/11/2021,57.0,1300.0,1450.0,1360.0
AHIRORA,26/11/2021,53.0,1300.0,1480.0,1400.0
AHIRORA,27/11/2021,55.0,1320.0,1500.0,1420.0
AJUHA,01/11/2021,12.0,1000.0,1130.0,1070.0
AJUHA,02/11/2021,11.0,1150.0,1300.0,1250.0
AJUHA,03/11/2021,18.0,1250.0,1400.0,1330.0
AJUHA,06/11/2021,13.0,1250.0,1350.0,1300.0
AJUHA,07/11/2021,10.0,1250.0,1350.0,1300.0
AJUHA,08/11/2021,12.0,1250.0,1350.0,1290.0
AJUHA,09/11/2021,8.0,1300.0,1450.0,1400.0
AJUHA,10/11/2021,7.0,1400.0,1500.0,1450.0
AJUHA,11/11/2021,8.0,1400.0,1500.0,1450.0
AJUHA,13/11/2021,10.0,1400.0,1550.0,1460.0
AJUHA,14/11/2021,12.0,1400.0,1500.0,1450.0
AJUHA,15/11/2021,10.0,1400.0,1540.0,1460.0
AJUHA,16/11/2021,9.0,1400.0,1500.0,1465.0
AJUHA,17/11/2021,17.0,1400.0,1500.0,1450.0
AJUHA,18/11/2021,12.0,1400.0,1500.0,1460.0
AJUHA,20/11/2021,13.0,1420.0,1530.0,1470.0
AJUHA,21/11/2021,8.0,1400.0,1500.0,1450.0
AJUHA,22/11/2021,10.0,1350.0,1500.0,1400.0
AJUHA,23/11/2021,11.0,1350.0,1500.0,1420.0
AJUHA,24/11/2021,10.0,1380.0,1470.0,1430.0
AJUHA,25/11/2021,8.5,1400.0,1500.0,1440.0
AJUHA,27/11/2021,8.0,1380.0,1470.0,1430.0
AJUHA,28/11/2021,10.0,1350.0,1430.0,1390.0
AJUHA,29/11/2021,9.5,1350.0,1470.0,1400.0
AJUHA,30/11/2021,18.0,1300.0,1400.0,1350.0
AKBARPUR,01/11/2021,210.0,1600.0,1625.0,1610.0
AKBARPUR,,,2050.0,2100.0,2080.0
AKBARPUR,02/11/2021,210.0,1600.0,1625.0,1610.0
AKBARPUR,03/11/2021,251.0,1600.0,1650.0,1640.0
AKBARPUR,06/11/2021,220.0,1600.0,1620.0,1610.0
AKBARPUR,07/11/2021,220.0,1600.0,1700.0,1640.0
AKBARPUR,08/11/2021,235.0,1650.0,1710.0,1680.0
AKBARPUR,09/11/2021,130.0,1600.0,1710.0,1680.0
AKBARPUR,10/11/2021,210.0,1500.0,1530.0,1525.0
AKBARPUR,11/11/2021,230.0,1500.0,1530.0,1525.0
AKBARPUR,12/11/2021,240.0,1500.0,1530.0,1525.0
AKBARPUR,15/11/2021,205.0,1500.0,1580.0,1550.0
AKBARPUR,16/11/2021,250.0,1600.0,1700.0,1680.0
AKBARPUR,17/11/2021,230.0,1600.0,1700.0,1680.0
AKBARPUR,18/11/2021,320.0,1600.0,1700.0,1680.0
AKBARPUR,20/11/2021,210.0,1350.0,1420.0,1400.0
ALIGARH,01/11/2021,120.0,1350.0,1450.0,1400.0
ALIGARH,02/11/2021,150.0,1330.0,1430.0,1380.0
ALIGARH,03/11/2021,160.0,1320.0,1420.0,1370.0
ALIGARH,05/11/2021,200.0,1350.0,1450.0,1400.0
ALIGARH,08/11/2021,160.0,1350.0,1450.0,1400.0
ALIGARH,09/11/2021,150.0,1330.0,1430.0,1380.0
ALIGARH,10/11/2021,140.0,1350.0,1450.0,1400.0
ALIGARH,11/11/2021,120.0,1400.0,1500.0,1450.0
ALIGARH,12/11/2021,110.0,1400.0,1500.0,1450.0
ALIGARH,13/11/2021,120.0,1400.0,1500.0,1460.0
ALIGARH,15/11/2021,110.0,1420.0,1520.0,1470.0
ALIGARH,16/11/2021,120.0,1400.0,1500.0,1450.0
ALIGARH,17/11/2021,140.0,1270.0,1370.0,1320.0
ALIGARH,18/11/2021,130.0,1250.0,1350.0,1300.0
ALIGARH,19/11/2021,120.0,1300.0,1400.0,1350.0
ALIGARH,20/11/2021,130.0,1250.0,1350.0,1300.0
ALIGARH,22/11/2021,150.0,1250.0,1350.0,1300.0
ALIGARH,23/11/2021,120.0,1350.0,1450.0,1400.0
ALIGARH,24/11/2021,180.0,1230.0,1330.0,1280.0
ALIGARH,25/11/2021,200.0,1130.0,1230.0,1180.0
ALIGARH,26/11/2021,150.0,1150.0,1250.0,1200.0
ALIGARH,27/11/2021,160.0,1100.0,1200.0,1150.0
ALIGARH,29/11/2021,170.0,1050.0,1150.0,1100.0
ALIGARH,30/11/2021,150.0,1050.0,1150.0,1100.0
ALLAHABAD,01/11/2021,400.0,1400.0,1600.0,1450.0
ALLAHABAD,02/11/2021,400.0,1400.0,1500.0,1450.0
ALLAHABAD,03/11/2021,250.0,1300.0,1550.0,1450.0
ALLAHABAD,06/11/2021,350.0,1400.0,1550.0,1450.0
ALLAHABAD,08/11/2021,350.0,1400.0,1600.0,1450.0
ALLAHABAD,09/11/2021,300.0,1450.0,1600.0,1500.0
ALLAHABAD,10/11/2021,350.0,1450.0,1600.0,1500.0
ALLAHABAD,11/11/2021,350.0,1450.0,1600.0,1500.0
ALLAHABAD,12/11/2021,250.0,1450.0,1600.0,1500.0
ALLAHABAD,13/11/2021,250.0,1450.0,1600.0,1500.0
ALLAHABAD,16/11/2021,200.0,1450.0,1600.0,1500.0
ALLAHABAD,17/11/2021,250.0,1450.0,1600.0,1500.0
ALLAHABAD,18/11/2021,350.0,1450.0,1600.0,1500.0
ALLAHABAD,19/11/2021,200.0,1450.0,1600.0,1500.0
ALLAHABAD,20/11/2021,300.0,1500.0,1600.0,1550.0
ALLAHABAD,22/11/2021,300.0,1450.0,1550.0,1500.0
ALLAHABAD,23/11/2021,200.0,1500.0,1600.0,1550.0
ALLAHABAD,24/11/2021,250.0,1450.0,1625.0,1550.0
ALLAHABAD,25/11/2021,200.0,1450.0,1650.0,1525.0
ALLAHABAD,26/11/2021,350.0,1450.0,1700.0,1550.0
ALLAHABAD,27/11/2021,350.0,1450.0,1600.0,1500.0
ALLAHABAD,29/11/2021,350.0,1450.0,1650.0,1525.0
ALLAHABAD,30/11/2021,250.0,1450.0,1600.0,1525.0
AMROHA,02/11/2021,30.0,1200.0,1300.0,1250.0
AMROHA,03/11/2021,24.0,1180.0,1290.0,1230.0
AMROHA,06/11/2021,25.0,1200.0,1320.0,1260.0
AMROHA,07/11/2021,21.0,1200.0,1310.0,1260.0
AMROHA,08/11/2021,19.0,1200.0,1310.0,1250.0
AMROHA,09/11/2021,26.0,1200.0,1320.0,1270.0
AMROHA,10/11/2021,21.0,1220.0,1340.0,1280.0
AMROHA,11/11/2021,26.0,1250.0,1360.0,1310.0
AMROHA,12/11/2021,20.0,1270.0,1380.0,1320.0
AMROHA,13/11/2021,27.0,1280.0,1390.0,1330.0
AMROHA,14/11/2021,26.0,1250.0,1370.0,1310.0
AMROHA,15/11/2021,29.0,1250.0,1350.0,1300.0
AMROHA,16/11/2021,30.0,1250.0,1365.0,1305.0
AMROHA,18/11/2021,32.0,1250.0,1360.0,1300.0
AMROHA,19/11/2021,28.0,1220.0,1350.0,1290.0
AMROHA,20/11/2021,32.0,1220.0,1350.0,1290.0
AMROHA,22/11/2021,28.0,1220.0,1350.0,1290.0
AMROHA,23/11/2021,31.0,1210.0,1350.0,1280.0
AMROHA,24/11/2021,30.0,1225.0,1320.0,1275.0
AMROHA,25/11/2021,32.0,1200.0,1300.0,1240.0
AMROHA,26/11/2021,29.0,1190.0,1300.0,1240.0
AMROHA,27/11/2021,35.0,1160.0,1270.0,1220.0
AMROHA,28/11/2021,30.0,1200.0,1300.0,1250.0
AMROHA,29/11/2021,29.0,1190.0,1290.0,1240.0
AMROHA,30/11/2021,28.0,1200.0,1310.0,1250.0
ANANDNAGAR,01/11/2021,1.6,1650.0,1835.0,1745.0
ANANDNAGAR,02/11/2021,1.5,1715.0,1920.0,1835.0
ANANDNAGAR,03/11/2021,2.4,1730.0,1935.0,1855.0
ANANDNAGAR,06/11/2021,4.5,1715.0,1920.0,1835.0
ANANDNAGAR,08/11/2021,3.5,1710.0,1910.0,1830.0
ANANDNAGAR,09/11/2021,4.6,1720.0,1925.0,1840.0
ANANDNAGAR,10/11/2021,3.5,1750.0,1975.0,1875.0
ANANDNAGAR,11/11/2021,16.0,1780.0,1980.0,1895.0
ANANDNAGAR,12/11/2021,2.2,1800.0,1975.0,1910.0
ANANDNAGAR,13/11/2021,2.8,1800.0,1980.0,1900.0
ANANDNAGAR,15/11/2021,2.2,1750.0,2000.0,1885.0
ANANDNAGAR,16/11/2021,2.0,1750.0,1975.0,1875.0
ANANDNAGAR,17/11/2021,2.4,1745.0,1980.0,1880.0
ANANDNAGAR,18/11/2021,19.0,1560.0,1760.0,1675.0
ANANDNAGAR,19/11/2021,2.2,1540.0,1745.0,1655.0
ANANDNAGAR,20/11/2021,1.6,1535.0,1750.0,1650.0
ANANDNAGAR,22/11/2021,1.8,1530.0,1700.0,1620.0
ANANDNAGAR,23/11/2021,1.6,1425.0,1625.0,1530.0
ANANDNAGAR,24/11/2021,1.5,1420.0,1615.0,1525.0
ANANDNAGAR,25/11/2021,29.0,1435.0,1600.0,1520.0
ANANDNAGAR,26/11/2021,3.5,1325.0,1525.0,1430.0
ANANDNAGAR,27/11/2021,3.7,1260.0,1475.0,1375.0
ANANDNAGAR,29/11/2021,2.4,1250.0,1460.0,1365.0
ANOOP SHAHAR,02/11/2021,0.5,,,
ANOOP SHAHAR,03/11/2021,0.6,,,
ANOOP SHAHAR,04/11/2021,0.5,,,
ANOOP SHAHAR,05/11/2021,0.7,,,
ANOOP SHAHAR,06/11/2021,0.5,,,
ANOOP SHAHAR,07/11/2021,0.6,,,
ANOOP SHAHAR,08/11/2021,0.5,1800.0,2200.0,2000.0
ANOOP SHAHAR,09/11/2021,0.6,1800.0,2200.0,2000.0
ANOOP SHAHAR,10/11/2021,0.5,1800.0,2200.0,2000.0
ANOOP SHAHAR,11/11/2021,0.6,1800.0,2200.0,2000.0
ANOOP SHAHAR,12/11/2021,0.5,1800.0,2200.0,2000.0
ANOOP SHAHAR,13/11/2021,0.7,1800.0,2200.0,2000.0
ANOOP SHAHAR,14/11/2021,0.6,1800.0,2200.0,2000.0
ANOOP SHAHAR,15/11/2021,0.6,1800.0,2200.0,2000.0
ANOOP SHAHAR,16/11/2021,0.7,1800.0,2400.0,2200.0
ANOOP SHAHAR,17/11/2021,0.7,1800.0,2200.0,2000.0
ANOOP SHAHAR,18/11/2021,0.7,1800.0,2200.0,2000.0
ANOOP SHAHAR,19/11/2021,0.5,1600.0,2000.0,1800.0
ANOOP SHAHAR,20/11/2021,0.8,1400.0,1800.0,1600.0
ANOOP SHAHAR,21/11/2021,0.7,1000.0,1400.0,1200.0
ANOOP SHAHAR,22/11/2021,0.8,1000.0,1400.0,1200.0
ANOOP SHAHAR,23/11/2021,0.6,1200.0,1600.0,1400.0
ANOOP SHAHAR,24/11/2021,0.7,1000.0,1400.0,1200.0
ANOOP SHAHAR,25/11/2021,0.7,1000.0,1400.0,1200.0
ANOOP SHAHAR,26/11/2021,0.8,1000.0,1400.0,1200.0
ANOOP SHAHAR,27/11/2021,0.9,1000.0,1400.0,1200.0
ANOOP SHAHAR,28/11/2021,0.8,1000.0,1400.0,1200.0
ANOOP SHAHAR,29/11/2021,0.7,1000.0,1400.0,1200.0
ANOOP SHAHAR,30/11/2021,0.8,800.0,1200.0,1000.0
ANWALA,01/11/2021,14.0,1700.0,1800.0,1750.0
ANWALA,02/11/2021,20.0,1700.0,1900.0,1800.0
ANWALA,03/11/2021,26.0,1600.0,1800.0,1700.0
ANWALA,05/11/2021,18.0,1600.0,1800.0,1700.0
ANWALA,06/11/2021,26.0,1600.0,1800.0,1700.0
ANWALA,07/11/2021,17.5,1700.0,1900.0,1800.0
ANWALA,08/11/2021,24.0,1700.0,1900.0,1800.0
ANWALA,09/11/2021,18.0,1700.0,1800.0,1750.0
ANWALA,10/11/2021,27.0,1700.0,1800.0,1780.0
ANWALA,11/11/2021,16.0,1600.0,1800.0,1700.0
ANWALA,12/11/2021,23.0,1600.0,1800.0,1700.0
ANWALA,13/11/2021,18.0,1600.0,1800.0,1700.0
ANWALA,14/11/2021,25.0,1600.0,1800.0,1700.0
ANWALA,15/11/2021,15.0,1600.0,1800.0,1700.0
ANWALA,16/11/2021,27.0,1600.0,1800.0,1700.0
ANWALA,17/11/2021,20.0,1700.0,1800.0,1750.0
ANWALA,18/11/2021,28.0,1200.0,1400.0,1300.0
ANWALA,19/11/2021,17.0,1300.0,1500.0,1400.0
ANWALA,20/11/2021,13.0,1300.0,1500.0,1400.0
ANWALA,21/11/2021,16.0,1300.0,1500.0,1400.0
ANWALA,22/11/2021,24.0,1300.0,1500.0,1400.0
ANWALA,23/11/2021,19.0,1300.0,1500.0,1400.0
ANWALA,24/11/2021,31.0,1300.0,1500.0,1400.0
ANWALA,25/11/2021,24.0,1300.0,1500.0,1400.0
ANWALA,26/11/2021,28.0,1300.0,1500.0,1400.0
ANWALA,27/11/2021,19.0,800.0,1000.0,900.0
ANWALA,28/11/2021,16.0,800.0,1000.0,900.0
ANWALA,29/11/2021,28.0,800.0,1000.0,900.0
ANWALA,30/11/2021,26.0,700.0,900.0,800.0
ATARRA,01/11/2021,12.0,1070.0,1230.0,1150.0
ATARRA,02/11/2021,1.0,1150.0,1300.0,1220.0
ATARRA,03/11/2021,12.0,1200.0,1250.0,1225.0
ATARRA,06/11/2021,13.0,1150.0,1250.0,1200.0
ATARRA,07/11/2021,10.0,1180.0,1280.0,1220.0
ATARRA,08/11/2021,12.0,1200.0,1280.0,1225.0
ATARRA,09/11/2021,9.0,1150.0,1310.0,1230.0
ATARRA,10/11/2021,10.0,1150.0,1310.0,1230.0
ATARRA,11/11/2021,9.0,1150.0,1310.0,1230.0
ATARRA,13/11/2021,8.0,1260.0,1420.0,1340.0
ATARRA,14/11/2021,7.0,1260.0,1420.0,1340.0
ATARRA,15/11/2021,6.0,1270.0,1430.0,1350.0
ATARRA,16/11/2021,5.0,1280.0,1430.0,1350.0
ATARRA,17/11/2021,8.0,1270.0,1430.0,1350.0
ATARRA,18/11/2021,7.0,1260.0,1420.0,1340.0
ATARRA,20/11/2021,6.0,1180.0,1340.0,1260.0
ATARRA,21/11/2021,8.0,1200.0,1300.0,1260.0
ATARRA,22/11/2021,7.5,1250.0,1300.0,1280.0
ATARRA,23/11/2021,7.0,1200.0,1360.0,1280.0
ATARRA,24/11/2021,6.0,1200.0,1360.0,1280.0
ATARRA,25/11/2021,10.0,1170.0,1330.0,1250.0
ATARRA,27/11/2021,12.0,1200.0,1300.0,1240.0
ATARRA,28/11/2021,10.0,1160.0,1320.0,1240.0
ATARRA,29/11/2021,13.0,1200.0,1300.0,1250.0
ATARRA,30/11/2021,12.0,1200.0,1300.0,1250.0
ATRAULI,01/11/2021,5.0,1150.0,1250.0,1200.0
ATRAULI,02/11/2021,4.0,1100.0,1200.0,1150.0
ATRAULI,05/11/2021,3.0,1150.0,1250.0,1200.0
ATRAULI,06/11/2021,2.0,1100.0,1200.0,1150.0
ATRAULI,07/11/2021,4.0,1100.0,1200.0,1150.0
ATRAULI,08/11/2021,3.0,1150.0,1250.0,1200.0
ATRAULI,09/11/2021,3.0,1150.0,1250.0,1200.0
ATRAULI,10/11/2021,5.0,1100.0,1200.0,1150.0
ATRAULI,12/11/2021,4.0,1100.0,1200.0,1150.0
ATRAULI,13/11/2021,2.0,1100.0,1200.0,1150.0
ATRAULI,14/11/2021,5.0,1100.0,1200.0,1150.0
ATRAULI,15/11/2021,3.0,1100.0,1300.0,1200.0
ATRAULI,16/11/2021,3.0,1100.0,1300.0,1200.0
ATRAULI,17/11/2021,2.0,900.0,1100.0,1000.0
ATRAULI,19/11/2021,6.0,800.0,1000.0,900.0
ATRAULI,20/11/2021,5.0,800.0,1000.0,900.0
ATRAULI,21/11/2021,4.0,800.0,1000.0,900.0
ATRAULI,22/11/2021,4.0,800.0,1000.0,900.0
ATRAULI,23/11/2021,5.0,800.0,1000.0,900.0
ATRAULI,24/11/2021,4.0,800.0,1000.0,900.0
ATRAULI,26/11/2021,6.0,800.0,1000.0,900.0
ATRAULI,27/11/2021,8.0,850.0,1000.0,900.0
ATRAULI,28/11/2021,4.0,800.0,1000.0,900.0
ATRAULI,29/11/2021,7.0,800.0,1000.0,900.0
ATRAULI,30/11/2021,5.0,800.0,1000.0,900.0
AURAIYA,01/11/2021,60.0,1100.0,1350.0,1260.0
AURAIYA,02/11/2021,50.0,1170.0,1370.0,1270.0
AURAIYA,03/11/2021,55.0,1170.0,1350.0,1270.0
AURAIYA,04/11/2021,50.0,1200.0,1350.0,1280.0
AURAIYA,06/11/2021,35.0,1200.0,1350.0,1280.0
AURAIYA,08/11/2021,30.0,1200.0,1400.0,1310.0
AURAIYA,09/11/2021,37.5,1200.0,1400.0,1310.0
AURAIYA,10/11/2021,35.0,1200.0,1400.0,1320.0
AURAIYA,11/11/2021,30.0,1200.0,1400.0,1320.0
AURAIYA,12/11/2021,40.0,1200.0,1400.0,1310.0
AURAIYA,13/11/2021,30.0,1240.0,1420.0,1340.0
AURAIYA,15/11/2021,35.0,1240.0,1420.0,1340.0
AURAIYA,16/11/2021,27.5,1250.0,1420.0,1350.0
AURAIYA,17/11/2021,35.0,1200.0,1420.0,1330.0
AURAIYA,18/11/2021,40.0,1220.0,1400.0,1320.0
AURAIYA,19/11/2021,30.0,1250.0,1425.0,1350.0
AURAIYA,20/11/2021,25.0,1250.0,1420.0,1350.0
AURAIYA,22/11/2021,40.0,1200.0,1400.0,1320.0
AURAIYA,23/11/2021,50.0,1200.0,1400.0,1300.0
AURAIYA,24/11/2021,60.0,1100.0,1300.0,1200.0
AURAIYA,25/11/2021,45.0,1100.0,1300.0,1200.0
AURAIYA,26/11/2021,42.5,1100.0,1300.0,1210.0
AURAIYA,27/11/2021,50.0,1000.0,1250.0,1150.0
AURAIYA,29/11/2021,56.0,1100.0,1240.0,1180.0
AURAIYA,30/11/2021,65.0,1100.0,1290.0,1200.0
AWAGARH,08/11/2021,3.0,1100.0,1200.0,1150.0
AWAGARH,09/11/2021,2.5,1100.0,1200.0,1150.0
AWAGARH,10/11/2021,5.0,1100.0,1200.0,1150.0
AWAGARH,11/11/2021,5.0,1100.0,1200.0,1150.0
AWAGARH,14/11/2021,3.5,1200.0,1300.0,1250.0
AWAGARH,15/11/2021,2.0,1200.0,1300.0,1250.0
AWAGARH,16/11/2021,2.5,1200.0,1300.0,1250.0
AWAGARH,17/11/2021,5.5,1200.0,1300.0,1250.0
AWAGARH,23/11/2021,2.5,1200.0,1300.0,1250.0
AWAGARH,26/11/2021,1.5,1300.0,1400.0,1350.0
AWAGARH,27/11/2021,2.4,1200.0,1300.0,1250.0
AWAGARH,28/11/2021,2.0,1200.0,1300.0,1250.0
AZAMGARH,01/11/2021,125.0,1400.0,1500.0,1450.0
AZAMGARH,02/11/2021,115.0,1600.0,1700.0,1650.0
AZAMGARH,03/11/2021,120.0,1585.0,1685.0,1635.0
AZAMGARH,05/11/2021,120.0,1550.0,1670.0,1610.0
AZAMGARH,06/11/2021,145.0,1560.0,1700.0,1620.0
AZAMGARH,08/11/2021,140.0,1560.0,1700.0,1615.0
AZAMGARH,09/11/2021,130.0,1600.0,1700.0,1645.0
AZAMGARH,10/11/2021,137.5,1600.0,1700.0,1640.0
AZAMGARH,11/11/2021,128.5,1600.0,1700.0,1650.0
AZAMGARH,12/11/2021,135.0,1600.0,1700.0,1645.0
AZAMGARH,13/11/2021,120.0,1600.0,1725.0,1660.0
AZAMGARH,15/11/2021,130.0,1750.0,1850.0,1800.0
AZAMGARH,16/11/2021,128.0,1700.0,1825.0,1750.0
AZAMGARH,17/11/2021,140.0,1650.0,1760.0,1700.0
AZAMGARH,18/11/2021,145.0,1550.0,1660.0,1600.0
AZAMGARH,19/11/2021,150.0,1500.0,1600.0,1550.0
AZAMGARH,20/11/2021,155.0,1450.0,1550.0,1500.0
AZAMGARH,22/11/2021,160.0,1400.0,1500.0,1460.0
AZAMGARH,23/11/2021,165.0,1350.0,1450.0,1410.0
AZAMGARH,24/11/2021,150.0,1335.0,1435.0,1385.0
AZAMGARH,25/11/2021,157.5,1325.0,1425.0,1375.0
AZAMGARH,26/11/2021,145.0,1335.0,1435.0,1385.0
AZAMGARH,27/11/2021,150.0,1325.0,1425.0,1370.0
AZAMGARH,29/11/2021,156.0,1300.0,1400.0,1350.0
BABERU,01/11/2021,14.0,1080.0,1220.0,1150.0
BABERU,02/11/2021,17.5,1150.0,1300.0,1225.0
BABERU,06/11/2021,29.0,1150.0,1300.0,1230.0
BABERU,07/11/2021,19.5,1145.0,1310.0,1230.0
BABERU,08/11/2021,15.0,1150.0,1295.0,1220.0
BABERU,09/11/2021,16.5,1145.0,1310.0,1230.0
BABERU,11/11/2021,25.0,1210.0,1350.0,1280.0
BABERU,12/11/2021,11.0,1200.0,1350.0,1275.0
BABERU,13/11/2021,10.0,1250.0,1400.0,1330.0
BABERU,14/11/2021,26.0,1270.0,1415.0,1345.0
BABERU,15/11/2021,15.0,1280.0,1425.0,1350.0
BABERU,16/11/2021,17.0,1270.0,1410.0,1340.0
BABERU,18/11/2021,26.5,1180.0,1325.0,1250.0
BABERU,19/11/2021,12.5,1150.0,1310.0,1230.0
BABERU,20/11/2021,11.0,1150.0,1300.0,1230.0
BABERU,21/11/2021,24.5,1175.0,1310.0,1240.0
BABERU,22/11/2021,11.5,1180.0,1320.0,1250.0
BABERU,23/11/2021,15.0,1200.0,1350.0,1275.0
BABERU,25/11/2021,29.0,1185.0,1330.0,1260.0
BABERU,26/11/2021,11.0,1115.0,1280.0,1200.0
BABERU,27/11/2021,14.0,1140.0,1290.0,1215.0
BABERU,28/11/2021,30.0,1125.0,1280.0,1200.0
BABERU,29/11/2021,12.0,1130.0,1270.0,1200.0
BABERU,30/11/2021,17.5,1150.0,1310.0,1230.0
BADAYOUN,02/11/2021,50.0,1200.0,1350.0,1220.0
BADAYOUN,03/11/2021,48.0,1200.0,1350.0,1275.0
BADAYOUN,04/11/2021,60.0,1250.0,1350.0,1270.0
BADAYOUN,05/11/2021,56.0,1250.0,1350.0,1280.0
BADAYOUN,06/11/2021,48.0,1300.0,1420.0,1350.0
BADAYOUN,07/11/2021,50.0,1340.0,1500.0,1400.0
BADAYOUN,08/11/2021,60.0,1320.0,1500.0,1400.0
BADAYOUN,09/11/2021,45.0,1380.0,1530.0,1425.0
BADAYOUN,10/11/2021,65.0,1300.0,1450.0,1350.0
BADAYOUN,11/11/2021,70.0,1300.0,1450.0,1325.0
BADAYOUN,12/11/2021,68.0,1260.0,1400.0,1310.0
BADAYOUN,13/11/2021,75.0,1260.0,1400.0,1300.0
BADAYOUN,14/11/2021,78.0,1200.0,1380.0,1290.0
BADAYOUN,15/11/2021,81.0,1200.0,1350.0,1280.0
BADAYOUN,16/11/2021,85.0,1200.0,1350.0,1270.0
BADAYOUN,17/11/2021,83.0,1200.0,1340.0,1275.0
BADAYOUN,18/11/2021,82.0,1200.0,1340.0,1280.0
BADAYOUN,19/11/2021,80.0,1200.0,1340.0,1275.0
BADAYOUN,20/11/2021,84.0,1200.0,1330.0,1270.0
BADAYOUN,21/11/2021,79.0,1200.0,1330.0,1275.0
BADAYOUN,22/11/2021,80.0,1200.0,1330.0,1280.0
BADAYOUN,23/11/2021,83.0,1200.0,1330.0,1275.0
BADAYOUN,24/11/2021,90.0,1200.0,1330.0,1250.0
BADAYOUN,25/11/2021,60.0,1180.0,1330.0,1240.0
BADAYOUN,26/11/2021,65.0,1150.0,1300.0,1230.0
BADAYOUN,27/11/2021,70.0,1150.0,1300.0,1225.0
BADAYOUN,28/11/2021,73.0,1150.0,1300.0,1230.0
BADAYOUN,29/11/2021,68.0,1150.0,1300.0,1240.0
BADAYOUN,30/11/2021,71.0,1150.0,1300.0,1245.0
BAGPAT,01/11/2021,0.2,1400.0,1600.0,1500.0
BAGPAT,03/11/2021,0.2,1400.0,1600.0,1500.0
BAGPAT,15/11/2021,0.3,1400.0,1600.0,1450.0
BAHEDI,01/11/2021,5.0,665.0,730.0,690.0
BAHEDI,02/11/2021,6.0,685.0,750.0,715.0
BAHEDI,03/11/2021,4.0,680.0,760.0,715.0
BAHEDI,04/11/2021,7.0,675.0,750.0,705.0
BAHEDI,05/11/2021,3.0,690.0,760.0,725.0
BAHEDI,06/11/2021,7.0,760.0,830.0,795.0
BAHEDI,08/11/2021,4.0,765.0,825.0,790.0
BAHEDI,09/11/2021,9.0,730.0,830.0,780.0
BAHEDI,10/11/2021,5.0,755.0,830.0,790.0
BAHEDI,11/11/2021,6.0,735.0,825.0,785.0
BAHEDI,12/11/2021,5.0,760.0,840.0,795.0
BAHEDI,13/11/2021,7.0,830.0,920.0,880.0
BAHEDI,14/11/2021,8.0,860.0,930.0,895.0
BAHEDI,15/11/2021,5.0,855.0,935.0,895.0
BAHEDI,16/11/2021,6.0,910.0,980.0,940.0
BAHEDI,17/11/2021,3.0,940.0,1010.0,980.0
BAHEDI,18/11/2021,7.0,925.0,1020.0,980.0
BAHEDI,19/11/2021,5.0,920.0,980.0,945.0
BAHEDI,20/11/2021,8.0,890.0,950.0,915.0
BAHEDI,21/11/2021,7.0,920.0,1015.0,970.0
BAHEDI,22/11/2021,6.0,920.0,990.0,955.0
BAHEDI,23/11/2021,5.0,915.0,1010.0,975.0
BAHEDI,25/11/2021,6.0,855.0,890.0,870.0
BAHEDI,26/11/2021,4.0,840.0,890.0,865.0
BAHEDI,27/11/2021,8.0,915.0,975.0,945.0
BAHEDI,28/11/2021,8.0,920.0,980.0,955.0
BAHEDI,29/11/2021,8.0,870.0,940.0,910.0
BAHEDI,30/11/2021,6.0,825.0,890.0,860.0
BAHRAICH,01/11/2021,60.0,1300.0,1420.0,1350.0
BAHRAICH,02/11/2021,61.0,1300.0,1420.0,1375.0
BAHRAICH,03/11/2021,57.0,1320.0,1475.0,1400.0
BAHRAICH,05/11/2021,39.2,1220.0,1370.0,1300.0
BAHRAICH,06/11/2021,41.8,1190.0,1370.0,1280.0
BAHRAICH,08/11/2021,51.4,1210.0,1350.0,1280.0
BAHRAICH,09/11/2021,48.5,1280.0,1420.0,1350.0
BAHRAICH,10/11/2021,54.5,1275.0,1420.0,1350.0
BAHRAICH,11/11/2021,61.6,1270.0,1400.0,1350.0
BAHRAICH,12/11/2021,60.0,1270.0,1420.0,1365.0
BAHRAICH,13/11/2021,51.8,1350.0,1500.0,1425.0
BAHRAICH,15/11/2021,48.8,1350.0,1490.0,1425.0
BAHRAICH,16/11/2021,48.0,1370.0,1520.0,1450.0
BAHRAICH,17/11/2021,46.5,1400.0,1520.0,1460.0
BAHRAICH,18/11/2021,52.2,1400.0,1530.0,1450.0
BAHRAICH,19/11/2021,55.6,1075.0,1250.0,1125.0
BAHRAICH,20/11/2021,41.1,1375.0,1500.0,1440.0
BAHRAICH,22/11/2021,55.0,1375.0,1500.0,1435.0
BAHRAICH,23/11/2021,49.6,1300.0,1400.0,1350.0
BAHRAICH,24/11/2021,53.8,1280.0,1430.0,1350.0
BAHRAICH,25/11/2021,44.8,1270.0,1420.0,1350.0
BAHRAICH,26/11/2021,43.5,1280.0,1410.0,1360.0
BAHRAICH,27/11/2021,51.8,1200.0,1320.0,1270.0
BAHRAICH,29/11/2021,65.0,1150.0,1250.0,1200.0
BAHRAICH,30/11/2021,67.5,1150.0,1260.0,1205.0
BALLIA,01/11/2021,120.0,1390.0,1520.0,1450.0
BALLIA,02/11/2021,110.0,1320.0,1550.0,1480.0
BALLIA,03/11/2021,115.0,1580.0,1710.0,1640.0
BALLIA,04/11/2021,110.0,1670.0,1795.0,1730.0
BALLIA,05/11/2021,120.0,1680.0,1810.0,1740.0
BALLIA,06/11/2021,115.0,1690.0,1820.0,1755.0
BALLIA,08/11/2021,110.0,1690.0,1820.0,1750.0
BALLIA,09/11/2021,107.5,1710.0,1840.0,1770.0
BALLIA,10/11/2021,120.0,1720.0,1860.0,1790.0
BALLIA,11/11/2021,110.0,1720.0,1850.0,1780.0
BALLIA,12/11/2021,115.0,1720.0,1850.0,1785.0
BALLIA,13/11/2021,120.0,1650.0,1770.0,1710.0
BALLIA,15/11/2021,125.0,1630.0,1760.0,1690.0
BALLIA,16/11/2021,130.0,1560.0,1680.0,1620.0
BALLIA,17/11/2021,120.0,1580.0,1710.0,1640.0
BALLIA,18/11/2021,130.0,1420.0,1550.0,1480.0
BALLIA,19/11/2021,140.0,1400.0,1530.0,1460.0
BALLIA,20/11/2021,120.0,1380.0,1510.0,1440.0
BALLIA,22/11/2021,125.0,1370.0,1495.0,1430.0
BALLIA,23/11/2021,110.0,1350.0,1480.0,1410.0
BALLIA,24/11/2021,120.0,1340.0,1470.0,1400.0
BALLIA,25/11/2021,125.0,1330.0,1460.0,1390.0
BALLIA,26/11/2021,118.0,1320.0,1450.0,1380.0
BALLIA,27/11/2021,110.0,1300.0,1420.0,1360.0
BALLIA,29/11/2021,120.0,1265.0,1395.0,1325.0
BALLIA,30/11/2021,130.0,1220.0,1350.0,1280.0
BALRAMPUR,02/11/2021,45.0,1550.0,1650.0,1600.0
BALRAMPUR,05/11/2021,52.0,1500.0,1700.0,1600.0
BALRAMPUR,06/11/2021,45.0,1500.0,1700.0,1600.0
BALRAMPUR,08/11/2021,40.0,1500.0,1650.0,1600.0
BALRAMPUR,09/11/2021,35.0,1500.0,1700.0,1600.0
BALRAMPUR,10/11/2021,38.0,1500.0,1650.0,1600.0
BALRAMPUR,11/11/2021,44.0,1500.0,1650.0,1600.0
BALRAMPUR,12/11/2021,40.0,1500.0,1650.0,1600.0
BALRAMPUR,13/11/2021,45.0,1500.0,1650.0,1600.0
BALRAMPUR,15/11/2021,44.0,1500.0,1650.0,1600.0
BALRAMPUR,16/11/2021,40.0,1500.0,1600.0,1550.0
BALRAMPUR,17/11/2021,50.0,1400.0,1550.0,1500.0
BALRAMPUR,18/11/2021,55.0,1400.0,1550.0,1500.0
BALRAMPUR,20/11/2021,46.0,1400.0,1600.0,1500.0
BALRAMPUR,22/11/2021,62.0,1400.0,1500.0,1450.0
BALRAMPUR,23/11/2021,65.0,1300.0,1500.0,1400.0
BALRAMPUR,24/11/2021,62.0,1300.0,1450.0,1400.0
BALRAMPUR,25/11/2021,55.0,1300.0,1400.0,1350.0
BALRAMPUR,26/11/2021,56.0,1300.0,1400.0,1350.0
BALRAMPUR,27/11/2021,58.0,1280.0,1350.0,1320.0
BALRAMPUR,29/11/2021,55.0,1200.0,1400.0,1300.0
BALRAMPUR,30/11/2021,65.0,1200.0,1400.0,1300.0
BANDA,01/11/2021,19.0,1200.0,1325.0,1260.0
BANDA,03/11/2021,20.0,1220.0,1350.0,1280.0
BANDA,06/11/2021,19.0,1200.0,1350.0,1275.0
BANDA,07/11/2021,20.0,1225.0,1340.0,1290.0
BANDA,08/11/2021,22.0,1200.0,1340.0,1270.0
BANDA,10/11/2021,22.0,1185.0,1350.0,1275.0
BANDA,11/11/2021,17.0,1250.0,1400.0,1325.0
BANDA,12/11/2021,18.0,1300.0,1400.0,1375.0
BANDA,13/11/2021,20.0,1310.0,1450.0,1385.0
BANDA,14/11/2021,17.5,1325.0,1470.0,1400.0
BANDA,15/11/2021,20.5,1330.0,1475.0,1410.0
BANDA,17/11/2021,24.0,1250.0,1425.0,1350.0
BANDA,18/11/2021,23.0,1200.0,1375.0,1300.0
BANDA,19/11/2021,20.0,1220.0,1350.0,1285.0
BANDA,20/11/2021,21.0,1225.0,1350.0,1280.0
BANDA,21/11/2021,25.0,1240.0,1400.0,1325.0
BANDA,22/11/2021,25.0,1250.0,1390.0,1320.0
BANDA,24/11/2021,30.5,1175.0,1325.0,1250.0
BANDA,25/11/2021,26.0,1150.0,1300.0,1220.0
BANDA,26/11/2021,28.0,1200.0,1340.0,1270.0
BANDA,27/11/2021,26.0,1200.0,1350.0,1275.0
BANDA,28/11/2021,22.0,1185.0,1325.0,1250.0
BANDA,29/11/2021,19.0,1180.0,1310.0,1240.0
BANGARMAU,01/11/2021,10.0,1260.0,1280.0,1275.0
BANGARMAU,02/11/2021,18.0,1280.0,1350.0,1305.0
BANGARMAU,03/11/2021,17.5,1275.0,1350.0,1315.0
BANGARMAU,07/11/2021,13.0,1300.0,1375.0,1350.0
BANGARMAU,08/11/2021,25.0,1290.0,1350.0,1300.0
BANGARMAU,09/11/2021,23.0,1290.0,1350.0,1300.0
BANGARMAU,10/11/2021,23.0,1290.0,1350.0,1300.0
BANGARMAU,12/11/2021,20.0,1350.0,1400.0,1375.0
BANGARMAU,13/11/2021,19.0,1330.0,1375.0,1360.0
BANGARMAU,14/11/2021,20.0,1330.0,1400.0,1350.0
BANGARMAU,15/11/2021,20.0,1350.0,1400.0,1390.0
BANGARMAU,16/11/2021,20.0,1370.0,1410.0,1400.0
BANGARMAU,17/11/2021,11.0,1345.0,1375.0,1350.0
BANGARMAU,19/11/2021,23.0,1290.0,1310.0,1300.0
BANGARMAU,21/11/2021,30.0,1190.0,1210.0,1200.0
BANGARMAU,22/11/2021,40.0,1180.0,1200.0,1190.0
BANGARMAU,23/11/2021,10.0,1180.0,1200.0,1190.0
BANGARMAU,24/11/2021,23.0,1150.0,1200.0,1190.0
BANGARMAU,26/11/2021,23.0,1180.0,1200.0,1190.0
BANGARMAU,27/11/2021,35.0,1075.0,1100.0,1090.0
BANGARMAU,28/11/2021,25.0,1050.0,1100.0,1080.0
BANGARMAU,29/11/2021,50.0,1030.0,1075.0,1050.0
BANGARMAU,30/11/2021,50.0,990.0,1050.0,1000.0
BARABANKI,01/11/2021,45.0,1200.0,1270.0,1230.0
BARABANKI,02/11/2021,44.0,1200.0,1300.0,1260.0
BARABANKI,03/11/2021,41.0,1200.0,1300.0,1265.0
BARABANKI,05/11/2021,40.0,1200.0,1300.0,1265.0
BARABANKI,06/11/2021,44.0,1200.0,1300.0,1240.0
BARABANKI,08/11/2021,45.0,1180.0,1300.0,1260.0
BARABANKI,09/11/2021,38.0,1260.0,1300.0,1270.0
BARABANKI,10/11/2021,25.0,1300.0,1460.0,1380.0
BARABANKI,11/11/2021,20.0,1410.0,1500.0,1490.0
BARABANKI,12/11/2021,19.0,1450.0,1540.0,1500.0
BARABANKI,13/11/2021,18.0,1450.0,1520.0,1510.0
BARABANKI,15/11/2021,17.0,1450.0,1550.0,1510.0
BARABANKI,16/11/2021,16.0,1450.0,1600.0,1520.0
BARABANKI,17/11/2021,15.0,1500.0,1540.0,1525.0
BARABANKI,18/11/2021,14.5,1480.0,1600.0,1530.0
BARABANKI,19/11/2021,13.5,1500.0,1600.0,1530.0
BARABANKI,20/11/2021,14.0,1500.0,1600.0,1535.0
BARABANKI,22/11/2021,15.0,1500.0,1590.0,1535.0
BARABANKI,23/11/2021,28.0,1250.0,1350.0,1300.0
BARABANKI,24/11/2021,38.0,1170.0,1300.0,1250.0
BARABANKI,25/11/2021,35.0,1150.0,1220.0,1200.0
BARABANKI,26/11/2021,60.0,1200.0,1300.0,1250.0
BARABANKI,27/11/2021,65.0,1150.0,1250.0,1200.0
BARABANKI,29/11/2021,68.0,1150.0,1250.0,1200.0
BARABANKI,30/11/2021,65.0,1100.0,1200.0,1150.0
BARAUT,02/11/2021,8.0,1600.0,1700.0,1650.0
BARAUT,03/11/2021,18.0,1500.0,1600.0,1550.0
BARAUT,04/11/2021,5.0,1500.0,1600.0,1550.0
BARAUT,05/11/2021,4.0,1500.0,1600.0,1550.0
BARAUT,06/11/2021,8.0,1500.0,1600.0,1550.0
BARAUT,07/11/2021,9.0,1500.0,1600.0,1550.0
BARAUT,08/11/2021,9.0,1500.0,1600.0,1550.0
BARAUT,09/11/2021,8.0,1500.0,1600.0,1550.0
BARAUT,10/11/2021,8.0,1500.0,1600.0,1550.0
BARAUT,11/11/2021,11.0,3000.0,3200.0,3100.0
BARAUT,12/11/2021,10.0,1700.0,1800.0,1750.0
BARAUT,13/11/2021,10.0,1500.0,1600.0,1550.0
BARAUT,14/11/2021,10.0,1500.0,1600.0,1550.0
BARAUT,17/11/2021,10.0,1500.0,1600.0,1550.0
BARAUT,18/11/2021,8.0,1500.0,1600.0,1550.0
BARAUT,19/11/2021,8.0,1500.0,1600.0,1550.0
BARAUT,20/11/2021,7.0,1500.0,1600.0,1550.0
BARAUT,21/11/2021,8.0,1500.0,1600.0,1550.0
BARAUT,22/11/2021,9.0,1500.0,1600.0,1550.0
BARAUT,23/11/2021,10.0,1300.0,1400.0,1350.0
BARAUT,24/11/2021,8.0,1300.0,1400.0,1350.0
BARAUT,25/11/2021,9.0,1300.0,1400.0,1350.0
BARAUT,26/11/2021,7.0,1300.0,1400.0,1350.0
BARAUT,27/11/2021,6.0,1300.0,1400.0,1350.0
BARAUT,28/11/2021,7.0,1300.0,1400.0,1350.0
BARAUT,29/11/2021,8.0,1300.0,1400.0,1350.0
BAREILLY,01/11/2021,43.0,1150.0,1240.0,1200.0
BAREILLY,02/11/2021,120.0,1180.0,1230.0,1210.0
BAREILLY,05/11/2021,51.0,1125.0,1200.0,1175.0
BAREILLY,06/11/2021,48.0,1200.0,1250.0,1215.0
BAREILLY,07/11/2021,52.0,1150.0,1250.0,1200.0
BAREILLY,08/11/2021,54.0,1125.0,1200.0,1175.0
BAREILLY,09/11/2021,65.0,1150.0,1250.0,1200.0
BAREILLY,10/11/2021,130.0,1275.0,1325.0,1300.0
BAREILLY,11/11/2021,150.0,1200.0,1250.0,1225.0
BAREILLY,12/11/2021,142.0,1200.0,1250.0,1225.0
BAREILLY,13/11/2021,145.0,1200.0,1250.0,1225.0
BAREILLY,15/11/2021,160.0,1200.0,1250.0,1230.0
BAREILLY,16/11/2021,150.0,1200.0,1270.0,1235.0
BAREILLY,17/11/2021,120.0,1200.0,1250.0,1230.0
BAREILLY,18/11/2021,113.5,1210.0,1275.0,1240.0
BAREILLY,19/11/2021,102.5,1200.0,1300.0,1250.0
BAREILLY,20/11/2021,108.0,1210.0,1275.0,1250.0
BAREILLY,21/11/2021,108.0,1210.0,1275.0,1250.0
BAREILLY,22/11/2021,115.0,1200.0,1275.0,1240.0
BAREILLY,23/11/2021,112.0,1230.0,1275.0,1250.0
BAREILLY,24/11/2021,115.0,1225.0,1300.0,1260.0
BAREILLY,25/11/2021,108.5,1240.0,1275.0,1260.0
BAREILLY,26/11/2021,105.0,1250.0,1300.0,1275.0
BAREILLY,27/11/2021,150.0,1240.0,1300.0,1270.0
BAREILLY,28/11/2021,154.0,1230.0,1275.0,1250.0
BAREILLY,29/11/2021,162.0,1235.0,1275.0,1250.0
BAREILLY,30/11/2021,142.5,1210.0,1280.0,1250.0
BARHAJ,01/11/2021,6.0,1590.0,1610.0,1600.0
BARHAJ,02/11/2021,5.5,1620.0,1630.0,1625.0
BARHAJ,03/11/2021,5.2,1620.0,1640.0,1630.0
BARHAJ,06/11/2021,6.0,1620.0,1640.0,1630.0
BARHAJ,08/11/2021,5.5,1640.0,1660.0,1650.0
BARHAJ,09/11/2021,6.2,1640.0,1660.0,1650.0
BARHAJ,10/11/2021,5.0,1650.0,1660.0,1655.0
BARHAJ,11/11/2021,5.5,1660.0,1680.0,1670.0
BARHAJ,12/11/2021,6.0,1660.0,1680.0,1670.0
BARHAJ,13/11/2021,6.6,1660.0,1680.0,1670.0
BARHAJ,15/11/2021,6.2,1670.0,1690.0,1680.0
BARHAJ,16/11/2021,6.5,1670.0,1690.0,1680.0
BARHAJ,17/11/2021,6.0,1570.0,1590.0,1580.0
BARHAJ,18/11/2021,6.5,1540.0,1560.0,1550.0
BARHAJ,19/11/2021,6.6,1450.0,1470.0,1460.0
BARHAJ,20/11/2021,6.8,1450.0,1470.0,1460.0
BARHAJ,22/11/2021,6.0,1450.0,1470.0,1460.0
BARHAJ,23/11/2021,6.5,1400.0,1420.0,1410.0
BARHAJ,24/11/2021,6.8,1290.0,1310.0,1300.0
BARHAJ,25/11/2021,6.4,1290.0,1310.0,1300.0
BARHAJ,26/11/2021,6.0,1280.0,1320.0,1300.0
BARHAJ,27/11/2021,6.6,1270.0,1290.0,1280.0
BARHAJ,29/11/2021,7.0,1270.0,1290.0,1280.0
BARHAJ,30/11/2021,7.5,1240.0,1260.0,1250.0
BASTI,01/11/2021,38.2,1470.0,1570.0,1520.0
BASTI,02/11/2021,41.5,1580.0,1680.0,1630.0
BASTI,03/11/2021,44.0,1590.0,1690.0,1640.0
BASTI,06/11/2021,39.0,1580.0,1680.0,1630.0
BASTI,07/11/2021,34.7,1550.0,1650.0,1600.0
BASTI,08/11/2021,43.5,1535.0,1635.0,1585.0
BASTI,09/11/2021,31.5,1565.0,1665.0,1615.0
BASTI,10/11/2021,37.0,1575.0,1675.0,1625.0
BASTI,11/11/2021,45.1,1575.0,1675.0,1625.0
BASTI,12/11/2021,53.0,,,
BASTI,13/11/2021,57.5,1610.0,1710.0,1660.0
BASTI,14/11/2021,63.5,1600.0,1700.0,1650.0
BASTI,15/11/2021,45.7,1630.0,1730.0,1680.0
BASTI,16/11/2021,53.5,1625.0,1725.0,1675.0
BASTI,17/11/2021,68.5,1530.0,1630.0,1580.0
BASTI,18/11/2021,84.5,1440.0,1540.0,1490.0
BASTI,19/11/2021,69.0,1400.0,1500.0,1450.0
BASTI,20/11/2021,72.5,1400.0,1500.0,1450.0
BASTI,21/11/2021,84.0,1350.0,1450.0,1400.0
BASTI,22/11/2021,95.0,1340.0,1440.0,1390.0
BASTI,23/11/2021,107.5,1325.0,1425.0,1375.0
BASTI,24/11/2021,91.5,1225.0,1325.0,1275.0
BASTI,25/11/2021,123.0,1200.0,1300.0,1250.0
BASTI,26/11/2021,135.0,1165.0,1265.0,1215.0
BASTI,27/11/2021,142.5,1190.0,1290.0,1240.0
BASTI,28/11/2021,132.0,1190.0,1290.0,1240.0
BASTI,29/11/2021,32.0,1180.0,1280.0,1230.0
BHARTHNA,01/11/2021,11.0,1170.0,1370.0,1270.0
BHARTHNA,02/11/2021,12.0,1180.0,1380.0,1280.0
BHARTHNA,03/11/2021,13.0,1185.0,1385.0,1285.0
BHARTHNA,04/11/2021,10.0,1175.0,1375.0,1275.0
BHARTHNA,08/11/2021,10.5,1220.0,1420.0,1320.0
BHARTHNA,09/11/2021,9.0,1230.0,1430.0,1330.0
BHARTHNA,10/11/2021,8.5,1210.0,1410.0,1310.0
BHARTHNA,11/11/2021,9.5,1220.0,1420.0,1320.0
BHARTHNA,12/11/2021,9.0,1230.0,1430.0,1330.0
BHARTHNA,13/11/2021,9.5,1230.0,1430.0,1330.0
BHARTHNA,15/11/2021,11.5,1240.0,1440.0,1340.0
BHARTHNA,16/11/2021,10.0,1240.0,1440.0,1340.0
BHARTHNA,17/11/2021,11.0,1230.0,1430.0,1330.0
BHARTHNA,18/11/2021,10.5,1210.0,1410.0,1310.0
BHARTHNA,19/11/2021,9.5,1220.0,1420.0,1320.0
BHARTHNA,20/11/2021,12.0,1200.0,1400.0,1300.0
BHARTHNA,22/11/2021,10.0,1220.0,1420.0,1320.0
BHARTHNA,23/11/2021,12.0,1200.0,1400.0,1300.0
BHARTHNA,24/11/2021,10.0,1240.0,1440.0,1340.0
BHARTHNA,25/11/2021,12.0,1215.0,1400.0,1315.0
BHARTHNA,26/11/2021,13.0,1200.0,1400.0,1300.0
BHARTHNA,27/11/2021,14.0,1130.0,1330.0,1230.0
BHARTHNA,29/11/2021,16.0,1130.0,1330.0,1230.0
BHARTHNA,30/11/2021,17.0,1120.0,1320.0,1220.0
BHARUASUMERPUR,01/11/2021,10.0,1150.0,1240.0,1200.0
BHARUASUMERPUR,02/11/2021,13.0,1150.0,1250.0,1200.0
BHARUASUMERPUR,06/11/2021,5.0,1150.0,1250.0,1200.0
BHARUASUMERPUR,07/11/2021,8.0,1200.0,1300.0,1250.0
BHARUASUMERPUR,08/11/2021,10.0,1200.0,1300.0,1250.0
BHARUASUMERPUR,09/11/2021,12.0,1250.0,1350.0,1300.0
BHARUASUMERPUR,10/11/2021,10.0,1250.0,1350.0,1300.0
BHARUASUMERPUR,12/11/2021,14.0,1250.0,1350.0,1300.0
BHARUASUMERPUR,13/11/2021,10.0,1250.0,1350.0,1280.0
BHARUASUMERPUR,14/11/2021,12.0,1250.0,1350.0,1280.0
BHARUASUMERPUR,15/11/2021,8.0,1250.0,1330.0,1280.0
BHARUASUMERPUR,16/11/2021,10.0,1250.0,1350.0,1280.0
BHARUASUMERPUR,17/11/2021,10.0,1250.0,1330.0,1280.0
BHARUASUMERPUR,19/11/2021,15.0,1150.0,1240.0,1200.0
BHARUASUMERPUR,20/11/2021,11.0,1150.0,1250.0,1200.0
BHARUASUMERPUR,21/11/2021,15.0,1150.0,1250.0,1200.0
BHARUASUMERPUR,22/11/2021,11.0,1150.0,1250.0,1200.0
BHARUASUMERPUR,23/11/2021,10.0,1150.0,1250.0,1200.0
BHARUASUMERPUR,24/11/2021,11.0,1150.0,1250.0,1200.0
BHARUASUMERPUR,26/11/2021,15.0,1150.0,1260.0,1200.0
BHARUASUMERPUR,27/11/2021,10.0,1150.0,1250.0,1200.0
BHARUASUMERPUR,28/11/2021,15.0,1150.0,1250.0,1200.0
BHARUASUMERPUR,29/11/2021,12.0,1150.0,1250.0,1200.0
BHARUASUMERPUR,30/11/2021,10.0,1150.0,1250.0,1200.0
BHARWARI,06/11/2021,9.0,1200.0,1355.0,1290.0
BHARWARI,11/11/2021,8.8,1250.0,1410.0,1340.0
BHARWARI,24/11/2021,8.5,1370.0,1535.0,1450.0
BHARWARI,25/11/2021,7.7,1380.0,1520.0,1465.0
BHARWARI,26/11/2021,9.0,1350.0,1510.0,1435.0
BHARWARI,30/11/2021,11.0,1300.0,1460.0,1380.0
BHEHJOI,01/11/2021,5.5,700.0,800.0,750.0
BHEHJOI,02/11/2021,5.8,700.0,800.0,750.0
BHEHJOI,04/11/2021,2.5,710.0,730.0,720.0
BHEHJOI,05/11/2021,1.0,700.0,720.0,710.0
BHEHJOI,06/11/2021,1.0,700.0,720.0,710.0
BHEHJOI,07/11/2021,2.0,700.0,720.0,710.0
BHEHJOI,08/11/2021,2.5,700.0,720.0,710.0
BHEHJOI,09/11/2021,2.5,700.0,720.0,710.0
BHEHJOI,10/11/2021,5.5,700.0,720.0,710.0
BHEHJOI,11/11/2021,24.0,700.0,720.0,710.0
BHEHJOI,12/11/2021,12.0,700.0,800.0,750.0
BHEHJOI,13/11/2021,8.0,700.0,720.0,710.0
BHEHJOI,14/11/2021,8.0,700.0,720.0,710.0
BHEHJOI,16/11/2021,5.5,700.0,750.0,725.0
BHEHJOI,17/11/2021,11.0,700.0,750.0,725.0
BHEHJOI,18/11/2021,8.5,700.0,720.0,710.0
BHEHJOI,19/11/2021,8.0,710.0,730.0,720.0
BHEHJOI,21/11/2021,2.5,700.0,720.0,710.0
BHEHJOI,22/11/2021,8.0,700.0,720.0,710.0
BHEHJOI,23/11/2021,2.5,700.0,720.0,710.0
BHEHJOI,24/11/2021,8.0,700.0,720.0,710.0
BHEHJOI,25/11/2021,6.0,700.0,720.0,710.0
BHEHJOI,26/11/2021,22.0,,,
BHEHJOI,27/11/2021,18.0,700.0,800.0,750.0
BHEHJOI,28/11/2021,7.0,700.0,720.0,710.0
BHEHJOI,29/11/2021,9.0,700.0,720.0,710.0
BHEHJOI,30/11/2021,8.0,700.0,800.0,750.0
BIJNAUR,01/11/2021,7.0,1140.0,1250.0,1165.0
BIJNAUR,02/11/2021,6.0,1150.0,1250.0,1185.0
BIJNAUR,03/11/2021,5.0,1150.0,1300.0,1200.0
BIJNAUR,06/11/2021,4.0,1200.0,1350.0,1240.0
BIJNAUR,07/11/2021,5.0,1150.0,1350.0,1200.0
BIJNAUR,08/11/2021,6.0,1200.0,1350.0,1250.0
BIJNAUR,09/11/2021,4.0,1230.0,1350.0,1270.0
BIJNAUR,10/11/2021,5.0,1200.0,1350.0,1250.0
BIJNAUR,11/11/2021,4.5,1200.0,1350.0,1270.0
BIJNAUR,12/11/2021,4.0,1250.0,1350.0,1290.0
BIJNAUR,13/11/2021,5.0,1250.0,1350.0,1280.0
BIJNAUR,14/11/2021,4.0,1250.0,1350.0,1290.0
BIJNAUR,15/11/2021,3.0,1250.0,1400.0,1300.0
BIJNAUR,16/11/2021,4.5,1250.0,1400.0,1320.0
BIJNAUR,18/11/2021,7.0,1220.0,1300.0,1270.0
BIJNAUR,19/11/2021,8.0,1200.0,1350.0,1250.0
BIJNAUR,20/11/2021,9.0,1200.0,1300.0,1240.0
BIJNAUR,21/11/2021,6.0,1230.0,1350.0,1260.0
BIJNAUR,22/11/2021,7.0,1220.0,1350.0,1250.0
BIJNAUR,23/11/2021,5.0,1230.0,1350.0,1260.0
BIJNAUR,24/11/2021,6.0,1220.0,1350.0,1250.0
BIJNAUR,25/11/2021,5.0,1220.0,1350.0,1260.0
BIJNAUR,26/11/2021,6.0,1200.0,1300.0,1240.0
BIJNAUR,27/11/2021,5.0,1220.0,1350.0,1250.0
BIJNAUR,28/11/2021,4.0,1225.0,1350.0,1260.0
BIJNAUR,29/11/2021,5.0,1220.0,1350.0,1250.0
BILSI,01/11/2021,11.0,1300.0,1400.0,1370.0
BILSI,02/11/2021,12.5,1300.0,1400.0,1350.0
BILSI,05/11/2021,11.5,1300.0,1400.0,1370.0
BILSI,06/11/2021,8.5,1300.0,1400.0,1365.0
BILSI,07/11/2021,7.0,1350.0,1450.0,1400.0
BILSI,08/11/2021,8.0,1400.0,1500.0,1450.0
BILSI,09/11/2021,11.0,1350.0,1450.0,1410.0
BILSI,10/11/2021,7.5,1400.0,1500.0,1450.0
BILSI,11/11/2021,9.0,1400.0,1450.0,1430.0
BILSI,12/11/2021,4.0,1400.0,1550.0,1435.0
BILSI,13/11/2021,8.5,1400.0,1450.0,1430.0
BILSI,14/11/2021,7.0,1400.0,1500.0,1425.0
BILSI,15/11/2021,10.0,1300.0,1400.0,1380.0
BILSI,16/11/2021,18.5,1200.0,1300.0,1250.0
BILSI,18/11/2021,14.0,1150.0,1250.0,1210.0
BILSI,19/11/2021,15.0,1200.0,1250.0,1215.0
BILSI,20/11/2021,13.5,1200.0,1250.0,1225.0
BILSI,21/11/2021,18.0,1200.0,1250.0,1240.0
BILSI,22/11/2021,16.5,1200.0,1300.0,1235.0
BILSI,23/11/2021,17.0,1200.0,1250.0,1220.0
BILSI,24/11/2021,16.0,1200.0,1300.0,1225.0
BILSI,25/11/2021,13.5,1200.0,1250.0,1220.0
BILSI,26/11/2021,13.5,1200.0,1250.0,1230.0
BILSI,28/11/2021,14.0,1110.0,1320.0,1240.0
BILSI,29/11/2021,11.5,1200.0,1300.0,1245.0
BILSI,30/11/2021,9.0,1200.0,1250.0,1230.0
BINDKI,01/11/2021,4.5,1030.0,1250.0,1120.0
BINDKI,02/11/2021,4.5,1200.0,1320.0,1280.0
BINDKI,03/11/2021,5.0,1170.0,1360.0,1270.0
BINDKI,04/11/2021,4.5,1200.0,1380.0,1290.0
BINDKI,08/11/2021,4.5,1200.0,1360.0,1280.0
BINDKI,09/11/2021,9.6,1200.0,1360.0,1275.0
BINDKI,10/11/2021,8.2,1200.0,1360.0,1285.0
BINDKI,11/11/2021,6.5,1200.0,1400.0,1310.0
BINDKI,12/11/2021,5.6,1250.0,1400.0,1320.0
BINDKI,18/11/2021,5.6,1250.0,1450.0,1360.0
BINDKI,19/11/2021,6.0,1250.0,1470.0,1380.0
BINDKI,21/11/2021,4.5,1350.0,1490.0,1400.0
BINDKI,22/11/2021,5.5,1300.0,1450.0,1390.0
BINDKI,23/11/2021,8.7,1300.0,1470.0,1380.0
BINDKI,25/11/2021,6.0,1300.0,1470.0,1390.0
BINDKI,26/11/2021,7.8,1230.0,1390.0,1320.0
BINDKI,28/11/2021,8.6,1250.0,1350.0,1300.0
BINDKI,29/11/2021,9.0,1200.0,1350.0,1280.0
BINDKI,30/11/2021,8.7,1150.0,1290.0,1220.0
BULAND SHAHR,02/11/2021,30.0,1550.0,1800.0,1700.0
BULAND SHAHR,05/11/2021,22.0,1600.0,2000.0,1800.0
BULAND SHAHR,06/11/2021,25.0,1755.0,1920.0,1822.0
BULAND SHAHR,08/11/2021,25.0,1750.0,1990.0,1880.0
BULAND SHAHR,09/11/2021,26.0,1750.0,2000.0,1890.0
BULAND SHAHR,10/11/2021,25.5,1700.0,1950.0,1880.0
BULAND SHAHR,11/11/2021,33.0,1750.0,1985.0,1880.0
BULAND SHAHR,12/11/2021,36.0,1700.0,1920.0,1870.0
BULAND SHAHR,13/11/2021,38.0,1700.0,1925.0,1880.0
BULAND SHAHR,15/11/2021,40.0,1750.0,1930.0,1900.0
BULAND SHAHR,16/11/2021,43.0,1700.0,1900.0,1800.0
BULAND SHAHR,17/11/2021,46.0,1500.0,1750.0,1630.0
BULAND SHAHR,18/11/2021,47.0,1400.0,1700.0,1600.0
BULAND SHAHR,19/11/2021,55.0,1400.0,1700.0,1500.0
BULAND SHAHR,20/11/2021,60.0,1200.0,1600.0,1480.0
BULAND SHAHR,22/11/2021,58.0,1200.0,1450.0,1390.0
BULAND SHAHR,23/11/2021,55.0,1200.0,1450.0,1330.0
BULAND SHAHR,24/11/2021,40.0,1200.0,1350.0,1305.0
BULAND SHAHR,25/11/2021,54.0,1200.0,1320.0,1300.0
BULAND SHAHR,26/11/2021,55.0,1100.0,1350.0,1260.0
BULAND SHAHR,27/11/2021,60.0,1000.0,1250.0,1150.0
BULAND SHAHR,29/11/2021,65.0,1000.0,1200.0,1100.0
BULAND SHAHR,30/11/2021,175.0,900.0,1200.0,1085.0
CHAANDPUR,01/11/2021,0.03,,,
CHAANDPUR,02/11/2021,0.03,850.0,1100.0,950.0
CHAANDPUR,03/11/2021,0.03,900.0,1100.0,1000.0
CHAANDPUR,07/11/2021,0.03,800.0,1000.0,900.0
CHAANDPUR,08/11/2021,0.03,900.0,1100.0,1000.0
CHAANDPUR,09/11/2021,0.03,800.0,1000.0,900.0
CHAANDPUR,10/11/2021,0.03,900.0,1100.0,1000.0
CHAANDPUR,11/11/2021,0.03,800.0,1000.0,900.0
CHAANDPUR,12/11/2021,0.03,800.0,1000.0,900.0
CHAANDPUR,13/11/2021,0.03,900.0,1100.0,1000.0
CHAANDPUR,14/11/2021,0.03,800.0,1000.0,900.0
CHAANDPUR,15/11/2021,0.03,900.0,1100.0,1000.0
CHAANDPUR,16/11/2021,0.03,1000.0,1200.0,1100.0
CHAANDPUR,17/11/2021,0.03,800.0,1000.0,900.0
CHAANDPUR,18/11/2021,0.03,900.0,1100.0,1000.0
CHAANDPUR,19/11/2021,0.03,800.0,1000.0,900.0
CHAANDPUR,20/11/2021,0.03,900.0,1100.0,1000.0
CHAANDPUR,21/11/2021,0.03,800.0,1000.0,900.0
CHAANDPUR,22/11/2021,0.03,900.0,1100.0,1000.0
CHAANDPUR,23/11/2021,0.03,900.0,1100.0,1000.0
CHAANDPUR,24/11/2021,0.03,800.0,1000.0,900.0
CHAANDPUR,25/11/2021,0.03,900.0,1100.0,1000.0
CHAANDPUR,26/11/2021,0.03,900.0,1100.0,1000.0
CHAANDPUR,27/11/2021,0.03,800.0,1000.0,900.0
CHAANDPUR,28/11/2021,0.03,800.0,1000.0,900.0
CHAANDPUR,29/11/2021,0.03,800.0,1000.0,900.0
CHANDAUSI,08/11/2021,65.0,1220.0,1260.0,1240.0
CHANDAUSI,10/11/2021,70.0,1220.0,1270.0,1250.0
CHANDAUSI,12/11/2021,43.0,1260.0,1310.0,1285.0
CHANDAUSI,15/11/2021,70.0,1280.0,1330.0,1310.0
CHANDAUSI,17/11/2021,65.0,1220.0,1330.0,1280.0
CHANDAUSI,18/11/2021,80.0,1240.0,1320.0,1270.0
CHANDAUSI,23/11/2021,70.0,1240.0,1300.0,1275.0
CHANDAUSI,25/11/2021,55.0,1210.0,1310.0,1250.0
CHANDAUSI,26/11/2021,80.0,1210.0,1285.0,1240.0
CHANDAUSI,30/11/2021,55.0,1210.0,1270.0,1240.0
CHANDOLI,02/11/2021,95.0,1400.0,1600.0,1500.0
CHANDOLI,03/11/2021,82.5,1500.0,1700.0,1600.0
CHANDOLI,05/11/2021,75.0,1500.0,1700.0,1600.0
CHANDOLI,06/11/2021,87.5,1525.0,1725.0,1625.0
CHANDOLI,08/11/2021,97.5,1700.0,1900.0,1800.0
CHANDOLI,09/11/2021,105.0,1650.0,1850.0,1750.0
CHANDOLI,10/11/2021,85.0,1600.0,1825.0,1725.0
CHANDOLI,11/11/2021,126.0,1550.0,1800.0,1650.0
CHANDOLI,12/11/2021,125.0,1600.0,1800.0,1675.0
CHANDOLI,13/11/2021,107.5,1600.0,1750.0,1670.0
CHANDOLI,14/11/2021,102.5,1600.0,1750.0,1660.0
CHANDOLI,15/11/2021,115.0,1550.0,1750.0,1650.0
CHANDOLI,16/11/2021,105.0,1525.0,1725.0,1625.0
CHANDOLI,17/11/2021,102.5,1450.0,1650.0,1550.0
CHANDOLI,18/11/2021,107.5,1400.0,1600.0,1500.0
CHANDOLI,19/11/2021,102.5,1400.0,1550.0,1450.0
CHANDOLI,20/11/2021,105.0,1400.0,1550.0,1450.0
CHANDOLI,21/11/2021,95.0,1300.0,1500.0,1400.0
CHANDOLI,22/11/2021,117.5,1300.0,1500.0,1400.0
CHANDOLI,23/11/2021,115.0,1200.0,1400.0,1300.0
CHANDOLI,24/11/2021,117.5,1100.0,1300.0,1200.0
CHANDOLI,25/11/2021,125.0,1000.0,1200.0,1100.0
CHANDOLI,26/11/2021,135.0,1000.0,1200.0,1100.0
CHANDOLI,27/11/2021,130.0,1000.0,1200.0,1090.0
CHANDOLI,28/11/2021,127.5,1000.0,1200.0,1100.0
CHANDOLI,29/11/2021,125.0,1050.0,1250.0,1150.0
CHANDOLI,30/11/2021,115.0,1075.0,1275.0,1175.0
CHARRA,01/11/2021,30.0,1300.0,1400.0,1350.0
CHARRA,02/11/2021,24.0,1350.0,1450.0,1400.0
CHARRA,03/11/2021,25.0,1300.0,1400.0,1350.0
CHARRA,05/11/2021,30.0,1300.0,1400.0,1360.0
CHARRA,08/11/2021,25.0,1350.0,1450.0,1400.0
CHARRA,09/11/2021,30.0,1350.0,1450.0,1400.0
CHARRA,10/11/2021,25.0,1350.0,1450.0,1400.0
CHARRA,11/11/2021,30.0,1350.0,1450.0,1410.0
CHARRA,12/11/2021,25.0,1400.0,1500.0,1450.0
CHARRA,15/11/2021,25.0,1400.0,1500.0,1460.0
CHARRA,16/11/2021,20.0,1400.0,1500.0,1450.0
CHARRA,17/11/2021,30.0,1300.0,1400.0,1350.0
CHARRA,18/11/2021,35.0,1250.0,1350.0,1300.0
CHARRA,20/11/2021,25.0,1300.0,1400.0,1350.0
CHARRA,22/11/2021,30.0,1270.0,1370.0,1320.0
CHARRA,23/11/2021,35.0,1300.0,1400.0,1350.0
CHARRA,24/11/2021,30.0,1250.0,1350.0,1300.0
CHARRA,25/11/2021,40.0,1200.0,1300.0,1250.0
CHARRA,26/11/2021,850.0,1250.0,1350.0,1300.0
CHARRA,27/11/2021,35.0,1100.0,1200.0,1160.0
CHARRA,29/11/2021,35.0,1050.0,1180.0,1120.0
CHARRA,30/11/2021,30.0,1050.0,1150.0,1100.0
CHHIBRAMAU(KANNUJ),19/11/2021,1400.0,1150.0,1350.0,1300.0
CHIRGAON,02/11/2021,4.0,950.0,1100.0,1050.0
CHIRGAON,03/11/2021,5.0,950.0,1150.0,1050.0
CHIRGAON,07/11/2021,1.0,1050.0,1200.0,1150.0
CHIRGAON,09/11/2021,1.5,1050.0,1200.0,1150.0
CHIRGAON,10/11/2021,2.0,1050.0,1200.0,1150.0
CHIRGAON,11/11/2021,3.0,1050.0,1200.0,1150.0
CHIRGAON,12/11/2021,1.5,1050.0,1200.0,1150.0
CHIRGAON,13/11/2021,2.0,1050.0,1200.0,1150.0
CHIRGAON,14/11/2021,2.0,1050.0,1200.0,1150.0
CHIRGAON,16/11/2021,3.0,1050.0,1200.0,1150.0
CHIRGAON,17/11/2021,1.5,1100.0,1250.0,1200.0
CHIRGAON,18/11/2021,1.0,1200.0,1350.0,1300.0
CHIRGAON,19/11/2021,1.5,1200.0,1350.0,1300.0
CHIRGAON,20/11/2021,2.0,1200.0,1350.0,1300.0
CHIRGAON,21/11/2021,1.5,1200.0,1400.0,1300.0
CHIRGAON,23/11/2021,1.0,1250.0,1400.0,1350.0
CHIRGAON,24/11/2021,1.5,1250.0,1400.0,1350.0
CHIRGAON,25/11/2021,2.0,1250.0,1400.0,1350.0
CHIRGAON,26/11/2021,2.0,1250.0,1400.0,1350.0
CHIRGAON,27/11/2021,4.0,1200.0,1400.0,1300.0
CHIRGAON,28/11/2021,3.0,1200.0,1350.0,1300.0
CHIRGAON,30/11/2021,4.0,1100.0,1300.0,1250.0
CHORICHORA,01/11/2021,50.0,1500.0,1750.0,1625.0
CHORICHORA,02/11/2021,47.5,1550.0,1750.0,1650.0
CHORICHORA,03/11/2021,55.0,1550.0,1700.0,1630.0
CHORICHORA,06/11/2021,60.0,1500.0,1700.0,1600.0
CHORICHORA,08/11/2021,55.0,1550.0,1750.0,1645.0
CHORICHORA,09/11/2021,50.0,1550.0,1800.0,1660.0
CHORICHORA,10/11/2021,40.0,1630.0,1750.0,1680.0
CHORICHORA,11/11/2021,35.0,1600.0,1750.0,1685.0
CHORICHORA,12/11/2021,40.0,1600.0,1750.0,1675.0
CHORICHORA,15/11/2021,30.0,1650.0,1850.0,1715.0
CHORICHORA,16/11/2021,40.0,1550.0,1675.0,1600.0
CHORICHORA,17/11/2021,47.5,1520.0,1600.0,1560.0
CHORICHORA,18/11/2021,50.0,1400.0,1500.0,1440.0
CHORICHORA,20/11/2021,48.0,1420.0,1460.0,1440.0
CHORICHORA,22/11/2021,50.0,1300.0,1450.0,1375.0
CHORICHORA,23/11/2021,55.0,1150.0,1350.0,1250.0
CHORICHORA,24/11/2021,50.0,1100.0,1350.0,1235.0
CHORICHORA,25/11/2021,55.0,1100.0,1300.0,1220.0
CHORICHORA,26/11/2021,50.0,1150.0,1350.0,1240.0
CHORICHORA,27/11/2021,45.0,1150.0,1350.0,1250.0
CHORICHORA,29/11/2021,55.0,1180.0,1230.0,1200.0
CHORICHORA,30/11/2021,60.0,1050.0,1225.0,1150.0
CHOUBEPUR,01/11/2021,47.5,1250.0,1350.0,1300.0
CHOUBEPUR,02/11/2021,49.0,1300.0,1400.0,1350.0
CHOUBEPUR,03/11/2021,53.0,1450.0,1550.0,1500.0
CHOUBEPUR,12/11/2021,45.0,1100.0,1250.0,1180.0
CHOUBEPUR,19/11/2021,40.0,1500.0,1650.0,1590.0
CHOUBEPUR,22/11/2021,54.0,1500.0,1600.0,1550.0
CHOUBEPUR,23/11/2021,57.5,1450.0,1560.0,1480.0
CHOUBEPUR,24/11/2021,51.5,1400.0,1500.0,1450.0
CHOUBEPUR,25/11/2021,59.0,1300.0,1400.0,1350.0
CHOUBEPUR,26/11/2021,48.0,1200.0,1280.0,1225.0
CHOUBEPUR,27/11/2021,47.5,1160.0,1250.0,1200.0
CHOUBEPUR,29/11/2021,41.5,1200.0,1280.0,1230.0
CHOUBEPUR,30/11/2021,48.0,1200.0,1300.0,1250.0
CHUTMALPUR,02/11/2021,0.8,1450.0,1650.0,1540.0
CHUTMALPUR,03/11/2021,4.9,1450.0,1620.0,1570.0
CHUTMALPUR,05/11/2021,0.8,1450.0,1650.0,1550.0
CHUTMALPUR,07/11/2021,2.1,1550.0,1750.0,1650.0
CHUTMALPUR,08/11/2021,2.1,1550.0,1750.0,1650.0
CHUTMALPUR,12/11/2021,0.8,1500.0,1720.0,1610.0
CHUTMALPUR,13/11/2021,0.5,1550.0,1720.0,1630.0
CHUTMALPUR,14/11/2021,2.0,1550.0,1700.0,1610.0
CHUTMALPUR,15/11/2021,2.0,1550.0,1750.0,1615.0
CHUTMALPUR,16/11/2021,2.9,1550.0,1850.0,1617.0
CHUTMALPUR,18/11/2021,4.1,1550.0,1750.0,1630.0
CHUTMALPUR,20/11/2021,2.9,1550.0,1750.0,1615.0
CHUTMALPUR,22/11/2021,3.3,1550.0,1820.0,1617.0
CHUTMALPUR,27/11/2021,3.8,1150.0,1350.0,1250.0
CHUTMALPUR,29/11/2021,3.4,1150.0,1350.0,1240.0
DADRI,02/11/2021,70.0,1770.0,1930.0,1850.0
DADRI,,,1830.0,1990.0,1900.0
DADRI,05/11/2021,80.0,1700.0,1850.0,1780.0
DADRI,06/11/2021,80.0,1660.0,1840.0,1750.0
DADRI,07/11/2021,60.0,1670.0,1850.0,1750.0
DADRI,08/11/2021,50.0,1720.0,1880.0,1800.0
DADRI,09/11/2021,40.0,1780.0,1930.0,1850.0
DADRI,11/11/2021,40.0,1830.0,1990.0,1900.0
DADRI,12/11/2021,40.0,1820.0,2000.0,1920.0
DADRI,13/11/2021,50.0,1820.0,1980.0,1900.0
DADRI,14/11/2021,40.0,1830.0,1980.0,1900.0
DADRI,15/11/2021,40.0,1850.0,2000.0,1920.0
DADRI,18/11/2021,30.0,1700.0,1900.0,1800.0
DADRI,19/11/2021,25.0,1700.0,1900.0,1800.0
DADRI,20/11/2021,25.0,1450.0,1650.0,1500.0
DADRI,21/11/2021,20.0,1400.0,1600.0,1500.0
DADRI,22/11/2021,20.0,1350.0,1550.0,1450.0
DADRI,23/11/2021,22.0,1350.0,1550.0,1450.0
DADRI,25/11/2021,25.0,1300.0,1500.0,1400.0
DADRI,26/11/2021,20.0,1250.0,1450.0,1350.0
DADRI,27/11/2021,20.0,1250.0,1450.0,1350.0
DADRI,28/11/2021,25.0,1250.0,1400.0,1310.0
DADRI,29/11/2021,25.0,1250.0,1400.0,1310.0
DADRI,30/11/2021,30.0,1200.0,1400.0,1300.0
DANKAUR,01/11/2021,2.8,1700.0,1950.0,1800.0
DANKAUR,02/11/2021,2.0,1700.0,1955.0,1825.0
DANKAUR,03/11/2021,2.2,1700.0,1900.0,1825.0
DANKAUR,05/11/2021,1.5,1700.0,1900.0,1800.0
DANKAUR,06/11/2021,2.0,1600.0,1855.0,1755.0
DANKAUR,07/11/2021,2.5,1700.0,1955.0,1865.0
DANKAUR,08/11/2021,2.0,1600.0,1850.0,1730.0
DANKAUR,09/11/2021,1.6,1700.0,2000.0,1816.0
DANKAUR,10/11/2021,1.6,1800.0,2050.0,1900.0
DANKAUR,12/11/2021,1.5,1800.0,2020.0,1920.0
DANKAUR,13/11/2021,1.5,1800.0,2050.0,1900.0
DANKAUR,14/11/2021,1.4,1800.0,2050.0,1922.0
DANKAUR,15/11/2021,1.0,1800.0,2000.0,1920.0
DANKAUR,16/11/2021,1.8,1800.0,2000.0,1940.0
DANKAUR,19/11/2021,5.0,1500.0,1750.0,1600.0
DANKAUR,20/11/2021,1.5,1400.0,1600.0,1510.0
DANKAUR,21/11/2021,1.0,1200.0,1560.0,1415.0
DANKAUR,22/11/2021,1.2,1300.0,1600.0,1400.0
DANKAUR,23/11/2021,2.0,1200.0,1500.0,1380.0
DANKAUR,24/11/2021,2.0,1250.0,1520.0,1425.0
DANKAUR,26/11/2021,1.8,1200.0,1650.0,1400.0
DANKAUR,27/11/2021,2.2,1100.0,1450.0,1290.0
DANKAUR,28/11/2021,2.0,1200.0,1400.0,1230.0
DEVARIYA,02/11/2021,35.0,1620.0,1650.0,1630.0
DEVARIYA,03/11/2021,40.0,1620.0,1630.0,1625.0
DEVARIYA,06/11/2021,40.0,1625.0,1640.0,1630.0
DEVARIYA,08/11/2021,42.5,1635.0,1650.0,1640.0
DEVARIYA,09/11/2021,50.0,1630.0,1650.0,1640.0
DEVARIYA,10/11/2021,38.0,1645.0,1660.0,1655.0
DEVARIYA,11/11/2021,40.0,1665.0,1685.0,1670.0
DEVARIYA,12/11/2021,50.0,1650.0,1670.0,1660.0
DEVARIYA,13/11/2021,55.0,1650.0,1670.0,1660.0
DEVARIYA,15/11/2021,60.0,1670.0,1690.0,1680.0
DEVARIYA,16/11/2021,50.0,1670.0,1685.0,1675.0
DEVARIYA,17/11/2021,60.0,1560.0,1575.0,1570.0
DEVARIYA,18/11/2021,55.0,1490.0,1510.0,1500.0
DEVARIYA,19/11/2021,40.0,1435.0,1460.0,1450.0
DEVARIYA,20/11/2021,50.0,1455.0,1480.0,1470.0
DEVARIYA,22/11/2021,45.0,1460.0,1470.0,1465.0
DEVARIYA,23/11/2021,35.0,1390.0,1410.0,1400.0
DEVARIYA,24/11/2021,38.0,1390.0,1410.0,1400.0
DEVARIYA,25/11/2021,35.0,1290.0,1310.0,1300.0
DEVARIYA,26/11/2021,40.0,1290.0,1310.0,1300.0
DEVARIYA,27/11/2021,50.0,1260.0,1280.0,1270.0
DEVARIYA,29/11/2021,52.0,1260.0,1280.0,1270.0
DEVARIYA,30/11/2021,55.0,1260.0,1280.0,1270.0
DEVBAND,01/11/2021,10.0,660.0,780.0,700.0
DEVBAND,05/11/2021,10.0,660.0,780.0,700.0
DEVBAND,06/11/2021,12.0,660.0,780.0,700.0
DEVBAND,07/11/2021,10.0,660.0,780.0,700.0
DEVBAND,08/11/2021,12.0,660.0,780.0,700.0
DEVBAND,09/11/2021,10.0,660.0,780.0,700.0
DEVBAND,10/11/2021,12.0,660.0,780.0,700.0
DEVBAND,11/11/2021,10.0,660.0,780.0,700.0
DEVBAND,12/11/2021,12.0,660.0,780.0,700.0
DEVBAND,13/11/2021,10.0,660.0,780.0,700.0
DEVBAND,14/11/2021,12.0,660.0,780.0,700.0
DEVBAND,15/11/2021,10.0,660.0,780.0,700.0
DEVBAND,16/11/2021,12.0,660.0,780.0,700.0
DEVBAND,17/11/2021,10.0,660.0,780.0,700.0
DEVBAND,18/11/2021,12.0,660.0,780.0,700.0
DEVBAND,19/11/2021,10.0,660.0,780.0,700.0
DEVBAND,20/11/2021,12.0,660.0,780.0,700.0
DEVBAND,21/11/2021,10.0,660.0,780.0,700.0
DEVBAND,22/11/2021,12.0,660.0,780.0,700.0
DEVBAND,23/11/2021,10.0,660.0,780.0,700.0
DEVBAND,24/11/2021,12.0,660.0,780.0,700.0
DEVBAND,25/11/2021,10.0,660.0,780.0,700.0
DEVBAND,26/11/2021,12.0,660.0,780.0,700.0
DEVBAND,27/11/2021,10.0,660.0,780.0,700.0
DEVBAND,28/11/2021,12.0,660.0,780.0,700.0
DEVBAND,29/11/2021,10.0,660.0,780.0,700.0
DEVBAND,30/11/2021,12.0,660.0,780.0,700.0
DHANURA,01/11/2021,1.5,1300.0,1500.0,1400.0
DHANURA,02/11/2021,1.0,1300.0,1500.0,1400.0
DHANURA,08/11/2021,1.2,1300.0,1500.0,1400.0
DHANURA,09/11/2021,1.2,1300.0,1500.0,1400.0
DHANURA,10/11/2021,1.2,1300.0,1500.0,1400.0
DHANURA,11/11/2021,1.0,1300.0,1500.0,1400.0
DHANURA,12/11/2021,1.2,1300.0,1500.0,1400.0
DHANURA,13/11/2021,1.0,1300.0,1500.0,1400.0
DHANURA,14/11/2021,1.5,1300.0,1500.0,1400.0
DHANURA,15/11/2021,1.1,1300.0,1500.0,1400.0
DHANURA,16/11/2021,1.2,1300.0,1500.0,1400.0
DHANURA,17/11/2021,1.2,1300.0,1500.0,1400.0
DHANURA,18/11/2021,1.2,1300.0,1500.0,1400.0
DHANURA,19/11/2021,1.2,1300.0,1500.0,1400.0
DHANURA,20/11/2021,1.2,1300.0,1500.0,1400.0
DHANURA,21/11/2021,1.2,1300.0,1500.0,1400.0
DHANURA,22/11/2021,1.0,1300.0,1500.0,1400.0
DHANURA,23/11/2021,1.6,1300.0,1500.0,1400.0
DHANURA,24/11/2021,1.0,1300.0,1500.0,1400.0
DHANURA,25/11/2021,1.5,1300.0,1500.0,1400.0
DHANURA,26/11/2021,1.5,1300.0,2500.0,1400.0
DHANURA,27/11/2021,1.5,1300.0,1500.0,1400.0
DHANURA,28/11/2021,1.2,1300.0,1500.0,1400.0
DHANURA,29/11/2021,1.2,1300.0,1500.0,1400.0
DHANURA,30/11/2021,1.5,1300.0,1500.0,1400.0
DIBIAPUR,08/11/2021,0.5,950.0,1200.0,1100.0
DIBIAPUR,09/11/2021,3.7,1000.0,1200.0,1100.0
DIBIAPUR,10/11/2021,1.0,1050.0,1200.0,1150.0
DIBIAPUR,11/11/2021,4.8,1000.0,1200.0,1100.0
DIBIAPUR,13/11/2021,1.3,1000.0,1200.0,1100.0
DIBIAPUR,14/11/2021,4.5,1000.0,1200.0,1100.0
DIBIAPUR,15/11/2021,1.9,950.0,1100.0,1000.0
DIBIAPUR,18/11/2021,4.3,950.0,1100.0,1000.0
DIBIAPUR,19/11/2021,2.1,1000.0,1200.0,1100.0
DIBIAPUR,20/11/2021,2.3,1000.0,1200.0,1100.0
DIBIAPUR,21/11/2021,4.8,900.0,1100.0,1000.0
DIBIAPUR,22/11/2021,2.7,800.0,1000.0,900.0
DIBIAPUR,24/11/2021,2.5,750.0,900.0,800.0
DIBIAPUR,25/11/2021,2.9,550.0,700.0,600.0
DIBIAPUR,26/11/2021,0.6,750.0,900.0,800.0
DIBIAPUR,28/11/2021,5.0,650.0,800.0,700.0
DIBIAPUR,29/11/2021,6.3,600.0,800.0,700.0
DIBIAPUR,30/11/2021,2.0,650.0,800.0,700.0
DIVAI,28/11/2021,5.0,400.0,600.0,500.0
DUDHI,01/11/2021,13.0,1400.0,,1500.0
DUDHI,04/11/2021,2.5,1500.0,,1600.0
DUDHI,07/11/2021,10.0,1400.0,,1500.0
DUDHI,10/11/2021,5.0,1500.0,,1600.0
DUDHI,11/11/2021,6.0,1400.0,,1500.0
DUDHI,12/11/2021,3.5,1500.0,,1600.0
DUDHI,13/11/2021,8.0,1400.0,,1500.0
DUDHI,16/11/2021,15.0,1500.0,,1600.0
DUDHI,18/11/2021,5.0,1500.0,,1600.0
DUDHI,19/11/2021,12.1,1400.0,,1500.0
DUDHI,21/11/2021,10.8,1400.0,,1500.0
DUDHI,22/11/2021,1.5,1500.0,,1600.0
DUDHI,23/11/2021,1.0,1400.0,,1500.0
DUDHI,24/11/2021,5.0,1500.0,,1600.0
DUDHI,25/11/2021,5.0,1400.0,,1500.0
DUDHI,26/11/2021,0.8,1500.0,,1600.0
DUDHI,27/11/2021,15.0,1400.0,,1500.0
DUDHI,28/11/2021,0.05,1500.0,,1600.0
DUDHI,29/11/2021,6.49,1400.0,,1500.0
ETAH,03/11/2021,50.0,1140.0,1240.0,1160.0
ETAH,04/11/2021,60.0,1160.0,1280.0,1180.0
ETAH,07/11/2021,65.0,1150.0,1270.0,1180.0
ETAH,08/11/2021,60.0,1150.0,1270.0,1170.0
ETAH,10/11/2021,50.0,1150.0,1280.0,1180.0
ETAH,11/11/2021,40.0,1200.0,1350.0,1260.0
ETAH,12/11/2021,38.0,1200.0,1360.0,1280.0
ETAH,13/11/2021,36.0,1200.0,1380.0,1290.0
ETAH,14/11/2021,34.0,1230.0,1400.0,1300.0
ETAH,15/11/2021,33.0,1240.0,1400.0,1310.0
ETAH,17/11/2021,40.0,1250.0,1400.0,1300.0
ETAH,18/11/2021,32.0,1250.0,1420.0,1310.0
ETAH,19/11/2021,35.0,1260.0,1430.0,1320.0
ETAH,20/11/2021,30.0,1250.0,1420.0,1310.0
ETAH,21/11/2021,28.0,1255.0,1425.0,1315.0
ETAH,22/11/2021,25.0,1250.0,1430.0,1320.0
ETAH,24/11/2021,20.0,1250.0,1430.0,1325.0
ETAH,25/11/2021,27.0,1250.0,1430.0,1320.0
ETAH,26/11/2021,25.0,1260.0,1430.0,1325.0
ETAH,27/11/2021,30.0,1250.0,1380.0,1310.0
ETAH,28/11/2021,34.0,1260.0,1360.0,1300.0
ETAH,29/11/2021,38.0,1200.0,1340.0,1290.0
ETAWAH,01/11/2021,120.0,1100.0,1300.0,1250.0
ETAWAH,02/11/2021,110.0,1100.0,1310.0,1265.0
ETAWAH,03/11/2021,100.0,1200.0,1350.0,1275.0
ETAWAH,06/11/2021,50.0,1200.0,1350.0,1300.0
ETAWAH,08/11/2021,120.0,1200.0,1350.0,1300.0
ETAWAH,09/11/2021,80.0,1200.0,1400.0,1320.0
ETAWAH,10/11/2021,90.0,1200.0,1360.0,1300.0
ETAWAH,11/11/2021,150.0,1200.0,1360.0,1300.0
ETAWAH,12/11/2021,140.0,1200.0,1370.0,1320.0
ETAWAH,13/11/2021,110.0,1200.0,1400.0,1325.0
ETAWAH,15/11/2021,95.0,1200.0,1400.0,1325.0
ETAWAH,16/11/2021,90.0,1200.0,1400.0,1330.0
ETAWAH,17/11/2021,80.0,1200.0,1400.0,1325.0
ETAWAH,18/11/2021,86.0,1200.0,1400.0,1300.0
ETAWAH,19/11/2021,100.0,1200.0,1400.0,1300.0
ETAWAH,20/11/2021,95.0,1200.0,1400.0,1310.0
ETAWAH,22/11/2021,100.0,1150.0,1350.0,1250.0
ETAWAH,23/11/2021,115.0,1140.0,1340.0,1240.0
ETAWAH,24/11/2021,105.0,1150.0,1350.0,1250.0
ETAWAH,25/11/2021,110.0,1100.0,1300.0,1200.0
ETAWAH,26/11/2021,130.0,,,
ETAWAH,27/11/2021,120.0,1125.0,1280.0,1225.0
ETAWAH,29/11/2021,140.0,1100.0,1280.0,1220.0
ETAWAH,30/11/2021,150.0,1100.0,1300.0,1200.0
FAIZABAD,01/11/2021,17.3,1600.0,1750.0,1650.0
FAIZABAD,,,2150.0,2300.0,2200.0
FAIZABAD,02/11/2021,42.1,1550.0,1700.0,1600.0
FAIZABAD,03/11/2021,13.1,1550.0,1650.0,1600.0
FAIZABAD,04/11/2021,32.8,1575.0,1700.0,1650.0
FAIZABAD,06/11/2021,13.6,1600.0,1750.0,1700.0
FAIZABAD,07/11/2021,10.0,1550.0,1700.0,1600.0
FAIZABAD,08/11/2021,14.4,1500.0,1600.0,1550.0
FAIZABAD,09/11/2021,29.7,1480.0,1600.0,1500.0
FAIZABAD,10/11/2021,15.7,1500.0,1600.0,1525.0
FAIZABAD,11/11/2021,30.2,1450.0,1525.0,1500.0
FAIZABAD,12/11/2021,26.7,1480.0,1600.0,1550.0
FAIZABAD,13/11/2021,21.1,1500.0,1600.0,1550.0
FAIZABAD,14/11/2021,16.5,1500.0,1625.0,1600.0
FAIZABAD,15/11/2021,25.0,1600.0,1700.0,1650.0
FAIZABAD,16/11/2021,5.9,1600.0,1700.0,1650.0
FAIZABAD,17/11/2021,60.4,1300.0,1450.0,1400.0
FAIZABAD,18/11/2021,22.0,1200.0,1350.0,1300.0
FAIZABAD,19/11/2021,44.4,1300.0,1500.0,1400.0
FAIZABAD,20/11/2021,7.5,1200.0,1350.0,1300.0
FAIZABAD,21/11/2021,8.7,1100.0,1250.0,1200.0
FAIZABAD,22/11/2021,12.8,1000.0,1200.0,1100.0
FAIZABAD,23/11/2021,15.0,1000.0,1125.0,1100.0
FAIZABAD,24/11/2021,7.0,1000.0,1100.0,1050.0
FAIZABAD,25/11/2021,13.1,1000.0,1100.0,1050.0
FAIZABAD,26/11/2021,11.8,900.0,1025.0,1000.0
FAIZABAD,27/11/2021,7.5,900.0,1025.0,1000.0
FAIZABAD,28/11/2021,15.9,850.0,975.0,950.0
FAIZABAD,29/11/2021,29.4,850.0,970.0,950.0
FARUKHABAD,01/11/2021,4250.0,1100.0,1300.0,1220.0
FARUKHABAD,02/11/2021,400.0,1100.0,1300.0,1240.0
FARUKHABAD,03/11/2021,435.0,1100.0,1300.0,1240.0
FARUKHABAD,06/11/2021,420.0,1100.0,1300.0,1250.0
FARUKHABAD,08/11/2021,365.0,1150.0,1350.0,1260.0
FARUKHABAD,09/11/2021,380.0,1200.0,1400.0,1300.0
FARUKHABAD,10/11/2021,360.0,1200.0,1400.0,1300.0
FARUKHABAD,11/11/2021,385.0,1200.0,1400.0,1300.0
FARUKHABAD,12/11/2021,370.0,1200.0,1400.0,1320.0
FARUKHABAD,13/11/2021,384.0,1200.0,1400.0,1300.0
FARUKHABAD,15/11/2021,370.0,1200.0,1400.0,1300.0
FARUKHABAD,16/11/2021,390.0,1200.0,1400.0,1300.0
FARUKHABAD,17/11/2021,420.0,1100.0,1350.0,1280.0
FARUKHABAD,18/11/2021,435.0,1100.0,1350.0,1280.0
FARUKHABAD,19/11/2021,440.0,1150.0,1350.0,1260.0
FARUKHABAD,20/11/2021,420.0,1100.0,1350.0,1250.0
FARUKHABAD,22/11/2021,430.0,1100.0,1350.0,1250.0
FARUKHABAD,23/11/2021,450.0,1080.0,1250.0,1200.0
FARUKHABAD,24/11/2021,480.0,1050.0,1300.0,1150.0
FARUKHABAD,25/11/2021,450.0,1050.0,1300.0,1180.0
FARUKHABAD,26/11/2021,470.0,1050.0,1300.0,1160.0
FARUKHABAD,27/11/2021,465.0,1000.0,1200.0,1100.0
FARUKHABAD,29/11/2021,480.0,1000.0,1200.0,1100.0
FARUKHABAD,30/11/2021,425.0,1000.0,1200.0,1120.0
FATEHABAD,27/11/2021,2070.0,1200.0,1500.0,1345.0
FATEHPUR,01/11/2021,18.6,1100.0,1300.0,1200.0
FATEHPUR,02/11/2021,22.5,1150.0,1350.0,1235.0
FATEHPUR,03/11/2021,21.5,1160.0,1360.0,1250.0
FATEHPUR,05/11/2021,12.5,1160.0,1400.0,1280.0
FATEHPUR,06/11/2021,14.5,1200.0,1350.0,1275.0
FATEHPUR,07/11/2021,16.5,1160.0,1350.0,1270.0
FATEHPUR,08/11/2021,13.5,1200.0,1360.0,1285.0
FATEHPUR,09/11/2021,11.5,1200.0,1400.0,1300.0
FATEHPUR,10/11/2021,16.6,1250.0,1400.0,1325.0
FATEHPUR,12/11/2021,14.8,1260.0,1450.0,1350.0
FATEHPUR,13/11/2021,16.3,1300.0,1450.0,1375.0
FATEHPUR,14/11/2021,14.5,1300.0,1450.0,1385.0
FATEHPUR,15/11/2021,13.3,1300.0,1500.0,1400.0
FATEHPUR,16/11/2021,16.3,1300.0,1500.0,1410.0
FATEHPUR,17/11/2021,11.8,1350.0,1500.0,1425.0
FATEHPUR,19/11/2021,11.2,1375.0,1520.0,1435.0
FATEHPUR,20/11/2021,10.5,1380.0,1550.0,1450.0
FATEHPUR,21/11/2021,12.5,1370.0,1550.0,1460.0
FATEHPUR,22/11/2021,13.2,1400.0,1550.0,1460.0
FATEHPUR,23/11/2021,18.0,1360.0,1560.0,1450.0
FATEHPUR,24/11/2021,22.8,1300.0,1450.0,1385.0
FATEHPUR,26/11/2021,24.3,1200.0,1400.0,1300.0
FATEHPUR,27/11/2021,22.5,1150.0,1350.0,1265.0
FATEHPUR,28/11/2021,23.5,1100.0,1300.0,1225.0
FATEHPUR,29/11/2021,21.5,1100.0,1300.0,1200.0
FATEHPUR,30/11/2021,22.5,,,
FATEHPUR SIKRI,02/11/2021,30.0,1000.0,1200.0,1100.0
FATEHPUR SIKRI,03/11/2021,27.0,1100.0,1300.0,1190.0
FATEHPUR SIKRI,08/11/2021,48.0,1100.0,1350.0,1220.0
FATEHPUR SIKRI,09/11/2021,25.0,1100.0,1300.0,1205.0
FATEHPUR SIKRI,10/11/2021,21.0,1100.0,1350.0,1215.0
FATEHPUR SIKRI,11/11/2021,18.0,1100.0,1400.0,1250.0
FATEHPUR SIKRI,12/11/2021,16.0,1150.0,1400.0,1280.0
FATEHPUR SIKRI,13/11/2021,14.0,1250.0,1380.0,1320.0
FATEHPUR SIKRI,15/11/2021,19.0,1200.0,1400.0,1300.0
FATEHPUR SIKRI,16/11/2021,16.5,1200.0,1450.0,1335.0
FATEHPUR SIKRI,17/11/2021,24.0,1200.0,1450.0,1310.0
FATEHPUR SIKRI,18/11/2021,20.0,1200.0,1450.0,1320.0
FATEHPUR SIKRI,19/11/2021,18.0,1200.0,1500.0,1345.0
FATEHPUR SIKRI,20/11/2021,25.0,1200.0,1450.0,1315.0
FATEHPUR SIKRI,22/11/2021,28.0,1200.0,1400.0,1300.0
FATEHPUR SIKRI,23/11/2021,24.0,1200.0,1450.0,1310.0
FATEHPUR SIKRI,24/11/2021,20.0,1200.0,1450.0,1325.0
FATEHPUR SIKRI,25/11/2021,18.0,1200.0,1500.0,1345.0
FATEHPUR SIKRI,26/11/2021,25.0,1200.0,1500.0,1330.0
FATEHPUR SIKRI,27/11/2021,21.0,1200.0,1500.0,1350.0
FATEHPUR SIKRI,29/11/2021,25.0,1200.0,1450.0,1305.0
FATEHPUR SIKRI,30/11/2021,28.0,1150.0,1400.0,1280.0
FIROZABAD,01/11/2021,6.2,1100.0,1310.0,1240.0
FIROZABAD,03/11/2021,6.6,1100.0,1300.0,1220.0
FIROZABAD,06/11/2021,7.6,1080.0,1280.0,1180.0
FIROZABAD,07/11/2021,7.8,1000.0,1200.0,1100.0
FIROZABAD,08/11/2021,7.0,1030.0,1250.0,1130.0
FIROZABAD,10/11/2021,6.3,1100.0,1370.0,1250.0
FIROZABAD,11/11/2021,6.7,1100.0,1350.0,1235.0
FIROZABAD,12/11/2021,5.4,1100.0,1370.0,1270.0
FIROZABAD,13/11/2021,5.7,1100.0,1350.0,1245.0
FIROZABAD,14/11/2021,5.3,1120.0,1350.0,1260.0
FIROZABAD,17/11/2021,5.6,1100.0,1300.0,1225.0
FIROZABAD,18/11/2021,5.2,1140.0,1350.0,1240.0
FIROZABAD,19/11/2021,5.7,1150.0,1350.0,1250.0
FIROZABAD,20/11/2021,4.8,1160.0,1350.0,1260.0
FIROZABAD,21/11/2021,4.6,1140.0,1360.0,1240.0
FIROZABAD,22/11/2021,5.0,1120.0,1350.0,1230.0
FIROZABAD,24/11/2021,4.7,1150.0,1370.0,1250.0
FIROZABAD,25/11/2021,4.6,1150.0,1375.0,1260.0
FIROZABAD,26/11/2021,4.3,1200.0,1400.0,1300.0
FIROZABAD,27/11/2021,4.8,1180.0,1400.0,1280.0
FIROZABAD,28/11/2021,5.6,1150.0,1400.0,1270.0
FIROZABAD,29/11/2021,5.8,1140.0,1380.0,1250.0
GADAURA,01/11/2021,10.5,1200.0,1400.0,1300.0
GADAURA,02/11/2021,10.0,1200.0,1400.0,1300.0
GADAURA,03/11/2021,8.0,1100.0,1300.0,1200.0
GADAURA,05/11/2021,6.0,1200.0,1400.0,1300.0
GADAURA,06/11/2021,5.5,1200.0,1400.0,1300.0
GADAURA,07/11/2021,6.0,1100.0,1300.0,1200.0
GADAURA,08/11/2021,4.0,1200.0,1400.0,1300.0
GADAURA,09/11/2021,6.0,1100.0,1300.0,1200.0
GADAURA,10/11/2021,4.0,1100.0,1300.0,1200.0
GADAURA,11/11/2021,3.0,1100.0,1300.0,1200.0
GADAURA,12/11/2021,4.0,1100.0,1300.0,1200.0
GADAURA,13/11/2021,5.0,1100.0,1300.0,1200.0
GADAURA,14/11/2021,7.0,1200.0,1400.0,1300.0
GADAURA,15/11/2021,6.0,1100.0,1300.0,1200.0
GADAURA,16/11/2021,4.0,1100.0,1300.0,1200.0
GADAURA,17/11/2021,5.0,1100.0,1300.0,1200.0
GADAURA,18/11/2021,0.6,1100.0,1300.0,1200.0
GADAURA,19/11/2021,0.6,1100.0,1300.0,1200.0
GADAURA,20/11/2021,0.8,1100.0,1300.0,1200.0
GADAURA,21/11/2021,0.7,1100.0,1300.0,1200.0
GADAURA,22/11/2021,1.0,1100.0,1300.0,1200.0
GADAURA,23/11/2021,3.5,1100.0,1300.0,1200.0
GADAURA,24/11/2021,3.0,1100.0,1300.0,1200.0
GADAURA,25/11/2021,4.0,1100.0,1300.0,1200.0
GADAURA,26/11/2021,3.0,1100.0,1300.0,1200.0
GADAURA,27/11/2021,6.0,1000.0,1200.0,1100.0
GADAURA,28/11/2021,13.0,900.0,1100.0,1000.0
GADAURA,29/11/2021,5.0,900.0,1100.0,1000.0
GADAURA,30/11/2021,4.0,900.0,1100.0,1000.0
GANGOH,01/11/2021,3.0,1400.0,1600.0,1500.0
GANGOH,02/11/2021,2.3,1400.0,1500.0,1450.0
GANGOH,03/11/2021,0.3,1400.0,1600.0,1500.0
GANGOH,04/11/2021,1.3,1400.0,1600.0,1500.0
GANGOH,05/11/2021,1.2,1525.0,1650.0,1600.0
GANGOH,06/11/2021,0.4,1250.0,1600.0,1360.0
GANGOH,07/11/2021,0.6,1400.0,1600.0,1500.0
GANGOH,08/11/2021,2.1,1300.0,1500.0,1400.0
GANGOH,09/11/2021,1.2,1300.0,1500.0,1450.0
GANGOH,10/11/2021,0.4,1400.0,1500.0,1450.0
GANGOH,11/11/2021,1.6,1200.0,1500.0,1350.0
GANGOH,12/11/2021,2.3,1500.0,1800.0,1650.0
GANGOH,13/11/2021,1.3,1420.0,1520.0,1480.0
GANGOH,14/11/2021,0.5,1520.0,1810.0,1680.0
GANGOH,15/11/2021,0.6,1300.0,1500.0,1400.0
GANGOH,16/11/2021,0.7,1300.0,1500.0,1400.0
GANGOH,17/11/2021,0.8,1300.0,1500.0,1400.0
GANGOH,18/11/2021,2.1,1500.0,1610.0,1550.0
GANGOH,19/11/2021,1.2,1400.0,1600.0,1500.0
GANGOH,20/11/2021,0.8,1420.0,1600.0,1525.0
GANGOH,21/11/2021,0.5,1650.0,1800.0,1750.0
GANGOH,22/11/2021,0.7,1200.0,1450.0,1300.0
GANGOH,23/11/2021,0.8,1200.0,1500.0,1350.0
GANGOH,24/11/2021,1.2,1000.0,1500.0,1250.0
GANGOH,25/11/2021,0.7,1000.0,1550.0,1250.0
GANGOH,26/11/2021,1.2,1000.0,1500.0,1250.0
GANGOH,27/11/2021,0.2,1200.0,1600.0,1350.0
GANGOH,28/11/2021,0.8,1000.0,1550.0,1250.0
GANGOH,30/11/2021,1.2,1500.0,1700.0,1600.0
GAZIPUR,02/11/2021,100.0,1350.0,1410.0,1380.0
GAZIPUR,03/11/2021,130.0,1160.0,1200.0,1180.0
GAZIPUR,05/11/2021,90.0,1280.0,1340.0,1300.0
GAZIPUR,06/11/2021,11.0,1150.0,1210.0,1180.0
GAZIPUR,08/11/2021,130.0,1170.0,1190.0,1180.0
GAZIPUR,09/11/2021,110.0,1160.0,1200.0,1180.0
GAZIPUR,10/11/2021,100.0,1730.0,1790.0,1760.0
GAZIPUR,11/11/2021,110.0,1740.0,1780.0,1760.0
GAZIPUR,12/11/2021,120.0,1740.0,1780.0,1760.0
GAZIPUR,13/11/2021,125.0,1750.0,1790.0,1770.0
GAZIPUR,15/11/2021,130.8,1670.0,1730.0,1700.0
GAZIPUR,16/11/2021,140.0,1630.0,1670.0,1650.0
GAZIPUR,17/11/2021,160.0,1500.0,1560.0,1530.0
GAZIPUR,18/11/2021,170.0,1380.0,1450.0,1400.0
GAZIPUR,19/11/2021,120.0,1380.0,1420.0,1400.0
GAZIPUR,20/11/2021,200.0,1380.0,1420.0,1400.0
GAZIPUR,22/11/2021,80.0,1370.0,1430.0,1400.0
GAZIPUR,23/11/2021,90.0,1380.0,1420.0,1400.0
GAZIPUR,24/11/2021,97.0,1280.0,1340.0,1300.0
GAZIPUR,25/11/2021,110.0,1280.0,1320.0,1300.0
GAZIPUR,26/11/2021,80.0,1180.0,1220.0,1200.0
GAZIPUR,27/11/2021,90.0,1180.0,1230.0,1200.0
GAZIPUR,29/11/2021,100.0,1180.0,1220.0,1200.0
GAZIPUR,30/11/2021,110.0,1180.0,1240.0,1200.0
GHAZIABAD,02/11/2021,90.0,1850.0,1925.0,1900.0
GHAZIABAD,03/11/2021,120.0,1750.0,1825.0,1800.0
GHAZIABAD,04/11/2021,120.0,1700.0,1775.0,1750.0
GHAZIABAD,05/11/2021,100.0,1700.0,1775.0,1750.0
GHAZIABAD,06/11/2021,120.0,1700.0,1775.0,1750.0
GHAZIABAD,07/11/2021,100.0,1700.0,1775.0,1750.0
GHAZIABAD,08/11/2021,80.0,1800.0,1925.0,1850.0
GHAZIABAD,09/11/2021,90.0,1850.0,1925.0,1900.0
GHAZIABAD,10/11/2021,90.0,1850.0,1950.0,1900.0
GHAZIABAD,11/11/2021,100.0,1800.0,1900.0,1850.0
GHAZIABAD,12/11/2021,70.0,1800.0,1900.0,1850.0
GHAZIABAD,13/11/2021,110.0,1800.0,1900.0,1850.0
GHAZIABAD,14/11/2021,110.0,1800.0,1900.0,1850.0
GHAZIABAD,15/11/2021,120.0,1700.0,1800.0,1750.0
GHAZIABAD,16/11/2021,120.0,1550.0,1650.0,1600.0
GHAZIABAD,17/11/2021,120.0,1350.0,1450.0,1400.0
GHAZIABAD,18/11/2021,110.0,1450.0,1550.0,1500.0
GHAZIABAD,19/11/2021,120.0,1350.0,1450.0,1400.0
GHAZIABAD,20/11/2021,100.0,1350.0,1450.0,1400.0
GHAZIABAD,21/11/2021,120.0,1350.0,1450.0,1400.0
GHAZIABAD,22/11/2021,110.0,1250.0,1350.0,1300.0
GHAZIABAD,23/11/2021,110.0,1250.0,1350.0,1300.0
GHAZIABAD,24/11/2021,90.0,1300.0,1400.0,1350.0
GHAZIABAD,25/11/2021,120.0,1250.0,1350.0,1300.0
GHAZIABAD,26/11/2021,110.0,1250.0,1350.0,1300.0
GHAZIABAD,27/11/2021,120.0,1200.0,1300.0,1250.0
GHAZIABAD,28/11/2021,120.0,1150.0,1250.0,1200.0
GHAZIABAD,29/11/2021,10.0,1150.0,1250.0,1200.0
GHAZIABAD,30/11/2021,120.0,1150.0,1250.0,1200.0
GHIRAUR,01/11/2021,9.0,,,
GHIRAUR,02/11/2021,8.5,1130.0,1400.0,1245.0
GHIRAUR,03/11/2021,16.0,1150.0,1400.0,1245.0
GHIRAUR,04/11/2021,9.0,1170.0,1390.0,1245.0
GHIRAUR,07/11/2021,3.0,1170.0,1380.0,1250.0
GHIRAUR,08/11/2021,4.0,1160.0,1375.0,1250.0
GHIRAUR,09/11/2021,7.0,1150.0,1350.0,1240.0
GHIRAUR,10/11/2021,6.0,1170.0,1350.0,1245.0
GHIRAUR,11/11/2021,6.5,1160.0,1350.0,1240.0
GHIRAUR,12/11/2021,6.0,1155.0,1380.0,1255.0
GHIRAUR,14/11/2021,7.5,1155.0,1370.0,1255.0
GHIRAUR,15/11/2021,7.0,1165.0,1380.0,1260.0
GHIRAUR,16/11/2021,8.0,1160.0,1390.0,1255.0
GHIRAUR,17/11/2021,8.5,1150.0,1375.0,1230.0
GHIRAUR,18/11/2021,6.5,1150.0,1375.0,1245.0
GHIRAUR,19/11/2021,6.0,1170.0,1380.0,1275.0
GHIRAUR,21/11/2021,7.0,1170.0,1380.0,1270.0
GHIRAUR,22/11/2021,6.0,1210.0,1400.0,1340.0
GHIRAUR,23/11/2021,6.5,1260.0,1400.0,1325.0
GHIRAUR,24/11/2021,7.0,1240.0,1400.0,1300.0
GHIRAUR,25/11/2021,6.5,1250.0,1400.0,1320.0
GHIRAUR,26/11/2021,6.0,1240.0,1400.0,1300.0
GHIRAUR,28/11/2021,6.5,1120.0,1365.0,1275.0
GHIRAUR,29/11/2021,6.0,1165.0,1400.0,1300.0
GHIRAUR,30/11/2021,7.0,1200.0,1400.0,1300.0
GOLAGOKARNATH,01/11/2021,60.0,,,
GOLAGOKARNATH,02/11/2021,65.0,1200.0,1400.0,1290.0
GOLAGOKARNATH,03/11/2021,60.0,1200.0,1400.0,1300.0
GOLAGOKARNATH,06/11/2021,50.0,1240.0,1440.0,1340.0
GOLAGOKARNATH,08/11/2021,56.0,1200.0,1400.0,1310.0
GOLAGOKARNATH,09/11/2021,60.0,1220.0,1420.0,1320.0
GOLAGOKARNATH,10/11/2021,50.0,1230.0,1430.0,1330.0
GOLAGOKARNATH,11/11/2021,55.0,1230.0,1430.0,1330.0
GOLAGOKARNATH,12/11/2021,60.0,1240.0,1440.0,1340.0
GOLAGOKARNATH,13/11/2021,50.0,1230.0,1430.0,1330.0
GOLAGOKARNATH,15/11/2021,56.0,1250.0,1450.0,1350.0
GOLAGOKARNATH,16/11/2021,60.0,1240.0,1440.0,1340.0
GOLAGOKARNATH,17/11/2021,56.0,1250.0,1450.0,1350.0
GOLAGOKARNATH,18/11/2021,60.0,1240.0,1440.0,1345.0
GOLAGOKARNATH,19/11/2021,50.0,1220.0,1420.0,1320.0
GOLAGOKARNATH,20/11/2021,58.0,1240.0,1440.0,1340.0
GOLAGOKARNATH,22/11/2021,60.0,1260.0,1460.0,1360.0
GOLAGOKARNATH,23/11/2021,56.0,1200.0,1400.0,1300.0
GOLAGOKARNATH,24/11/2021,50.0,1210.0,1410.0,1310.0
GOLAGOKARNATH,25/11/2021,54.0,1180.0,1380.0,1280.0
GOLAGOKARNATH,26/11/2021,60.0,1160.0,1360.0,1260.0
GOLAGOKARNATH,27/11/2021,56.0,1120.0,1320.0,1220.0
GOLAGOKARNATH,29/11/2021,60.0,1160.0,1360.0,1260.0
GOLAGOKARNATH,30/11/2021,58.0,1150.0,1350.0,1250.0
GONDA,01/11/2021,19.0,1220.0,1240.0,1230.0
GONDA,02/11/2021,21.0,1240.0,1260.0,1250.0
GONDA,03/11/2021,22.5,1240.0,1260.0,1250.0
GONDA,06/11/2021,21.0,1240.0,1260.0,1250.0
GONDA,07/11/2021,20.5,1230.0,1250.0,1240.0
GONDA,08/11/2021,19.0,1230.0,1265.0,1250.0
GONDA,09/11/2021,20.0,1240.0,1260.0,1250.0
GONDA,10/11/2021,18.5,1240.0,1260.0,1250.0
GONDA,11/11/2021,18.0,1240.0,1260.0,1250.0
GONDA,12/11/2021,18.0,1440.0,1460.0,1450.0
GONDA,13/11/2021,31.0,1440.0,1460.0,1450.0
GONDA,14/11/2021,21.0,1620.0,1640.0,1630.0
GONDA,15/11/2021,18.0,1440.0,1470.0,1450.0
GONDA,16/11/2021,19.0,1230.0,1290.0,1260.0
GONDA,17/11/2021,21.0,1420.0,1480.0,1450.0
GONDA,18/11/2021,19.0,1420.0,1480.0,1450.0
GONDA,19/11/2021,21.0,1440.0,1460.0,1450.0
GONDA,20/11/2021,20.0,1400.0,1500.0,1450.0
GONDA,21/11/2021,19.0,1440.0,1460.0,1450.0
GONDA,22/11/2021,21.0,1430.0,1490.0,1460.0
GONDA,23/11/2021,21.0,1410.0,1470.0,1440.0
GONDA,24/11/2021,22.5,1440.0,1480.0,1450.0
GONDA,25/11/2021,25.0,1400.0,1450.0,1420.0
GONDA,26/11/2021,24.0,1400.0,1480.0,1450.0
GONDA,27/11/2021,25.0,1440.0,1480.0,1450.0
GONDA,28/11/2021,27.0,1420.0,1480.0,1450.0
GONDA,29/11/2021,18.0,1440.0,1460.0,1450.0
GONDA,30/11/2021,14.0,1420.0,1480.0,1450.0
GOPIGANJ,02/11/2021,9.5,1700.0,1760.0,1730.0
GOPIGANJ,03/11/2021,11.5,1700.0,1780.0,1740.0
GOPIGANJ,06/11/2021,10.0,1600.0,1680.0,1640.0
GOPIGANJ,08/11/2021,11.0,1700.0,1760.0,1730.0
GOPIGANJ,10/11/2021,10.0,1770.0,1870.0,1820.0
GOPIGANJ,11/11/2021,12.0,1730.0,1830.0,1780.0
GOPIGANJ,12/11/2021,10.0,1700.0,1760.0,1730.0
GOPIGANJ,20/11/2021,10.0,1330.0,1430.0,1380.0
GOPIGANJ,22/11/2021,11.0,1400.0,1460.0,1430.0
GOPIGANJ,23/11/2021,11.5,1410.0,1510.0,1460.0
GOPIGANJ,24/11/2021,11.0,1320.0,1420.0,1370.0
GOPIGANJ,25/11/2021,12.0,1320.0,1420.0,1370.0
GOPIGANJ,26/11/2021,10.0,1200.0,1260.0,1230.0
GOPIGANJ,27/11/2021,11.0,1250.0,1350.0,1300.0
GOPIGANJ,29/11/2021,10.0,1270.0,1370.0,1320.0
GOPIGANJ,30/11/2021,11.5,1260.0,1360.0,1310.0
GORAKHPUR,01/11/2021,120.0,1750.0,2000.0,1880.0
GORAKHPUR,02/11/2021,140.0,1750.0,2000.0,1850.0
GORAKHPUR,03/11/2021,150.0,1700.0,1950.0,1825.0
GORAKHPUR,06/11/2021,160.0,1700.0,1900.0,1820.0
GORAKHPUR,07/11/2021,170.0,1700.0,1900.0,1800.0
GORAKHPUR,08/11/2021,155.0,1750.0,1950.0,1840.0
GORAKHPUR,09/11/2021,140.0,1750.0,2000.0,1900.0
GORAKHPUR,10/11/2021,140.0,1600.0,1725.0,1650.0
GORAKHPUR,,,1800.0,1900.0,1850.0
GORAKHPUR,11/11/2021,120.0,1850.0,1925.0,1885.0
GORAKHPUR,12/11/2021,130.0,1800.0,2000.0,1880.0
GORAKHPUR,13/11/2021,140.0,1800.0,2000.0,1865.0
GORAKHPUR,14/11/2021,130.0,1825.0,2000.0,1885.0
GORAKHPUR,15/11/2021,145.0,1825.0,2000.0,1870.0
GORAKHPUR,17/11/2021,150.0,1600.0,1700.0,1650.0
GORAKHPUR,18/11/2021,160.0,1560.0,1660.0,1600.0
GORAKHPUR,19/11/2021,150.0,1600.0,1650.0,1620.0
GORAKHPUR,20/11/2021,155.0,1540.0,1700.0,1600.0
GORAKHPUR,21/11/2021,160.0,1450.0,1650.0,1550.0
GORAKHPUR,22/11/2021,180.0,1400.0,1600.0,1500.0
GORAKHPUR,24/11/2021,200.0,1250.0,1450.0,1350.0
GORAKHPUR,25/11/2021,190.0,1200.0,1450.0,1325.0
GORAKHPUR,26/11/2021,180.0,1250.0,1450.0,1350.0
GORAKHPUR,27/11/2021,170.0,1250.0,1500.0,1360.0
GORAKHPUR,28/11/2021,175.0,1300.0,1400.0,1340.0
GORAKHPUR,29/11/2021,160.0,1325.0,1400.0,1365.0
GULAVATI,01/11/2021,1.2,,,
GULAVATI,02/11/2021,1.0,,,
GULAVATI,03/11/2021,2.0,900.0,1000.0,950.0
GULAVATI,04/11/2021,2.5,950.0,1050.0,1000.0
GULAVATI,05/11/2021,4.0,900.0,1000.0,950.0
GULAVATI,06/11/2021,1.0,950.0,1050.0,1000.0
GULAVATI,07/11/2021,2.0,900.0,1000.0,950.0
GULAVATI,08/11/2021,2.0,950.0,1050.0,1000.0
GULAVATI,09/11/2021,2.5,950.0,1050.0,1000.0
GULAVATI,10/11/2021,1.4,950.0,1100.0,1000.0
GULAVATI,11/11/2021,1.8,900.0,1000.0,950.0
GULAVATI,12/11/2021,1.0,1400.0,1600.0,1500.0
GULAVATI,13/11/2021,1.5,1500.0,1700.0,1600.0
GULAVATI,14/11/2021,1.0,1400.0,1600.0,1500.0
GULAVATI,15/11/2021,2.0,1500.0,1700.0,1600.0
GULAVATI,16/11/2021,1.0,1100.0,1300.0,1200.0
GULAVATI,17/11/2021,1.0,1100.0,1200.0,1150.0
GULAVATI,18/11/2021,1.0,1100.0,1300.0,1200.0
GULAVATI,19/11/2021,1.0,1100.0,1200.0,1150.0
GULAVATI,20/11/2021,1.5,1100.0,1300.0,1200.0
GULAVATI,21/11/2021,1.0,1100.0,1200.0,1150.0
GULAVATI,22/11/2021,1.2,1100.0,1300.0,1200.0
GULAVATI,23/11/2021,1.5,1100.0,1200.0,1150.0
GULAVATI,24/11/2021,1.5,1100.0,1200.0,1150.0
GULAVATI,25/11/2021,2.4,1100.0,1300.0,1200.0
GULAVATI,26/11/2021,1.2,1100.0,1200.0,1150.0
GULAVATI,27/11/2021,1.5,1100.0,1300.0,1200.0
GULAVATI,28/11/2021,1.0,1100.0,1200.0,1150.0
GULAVATI,29/11/2021,2.0,1100.0,1300.0,1200.0
GULAVATI,30/11/2021,2.0,1100.0,1200.0,1150.0
GURUSARAI,01/11/2021,1.0,1070.0,1175.0,1115.0
GURUSARAI,02/11/2021,0.7,1145.0,1260.0,1200.0
GURUSARAI,03/11/2021,1.0,1150.0,1265.0,1200.0
GURUSARAI,06/11/2021,0.3,1150.0,1265.0,1200.0
GURUSARAI,07/11/2021,0.8,1160.0,1265.0,1200.0
GURUSARAI,08/11/2021,1.0,1160.0,1250.0,1200.0
GURUSARAI,10/11/2021,1.0,1145.0,1265.0,1200.0
GURUSARAI,11/11/2021,0.8,1150.0,1260.0,1200.0
GURUSARAI,12/11/2021,1.5,1150.0,1260.0,1200.0
GURUSARAI,13/11/2021,0.4,1160.0,1250.0,1200.0
GURUSARAI,14/11/2021,0.5,1140.0,1260.0,1200.0
GURUSARAI,15/11/2021,1.0,1150.0,1245.0,1200.0
GURUSARAI,16/11/2021,0.7,1250.0,1350.0,1315.0
GURUSARAI,18/11/2021,0.4,1250.0,1360.0,1300.0
GURUSARAI,19/11/2021,0.6,1260.0,1375.0,1315.0
GURUSARAI,20/11/2021,0.8,1280.0,1365.0,1315.0
GURUSARAI,21/11/2021,0.5,1260.0,1360.0,1300.0
GURUSARAI,22/11/2021,1.0,1240.0,1355.0,1300.0
GURUSARAI,23/11/2021,0.6,1260.0,1390.0,1300.0
GURUSARAI,24/11/2021,1.0,1260.0,1375.0,1300.0
GURUSARAI,25/11/2021,1.5,1250.0,1380.0,1320.0
GURUSARAI,26/11/2021,0.8,1270.0,1385.0,1320.0
GURUSARAI,27/11/2021,0.9,1275.0,1365.0,1320.0
GURUSARAI,28/11/2021,1.2,1260.0,1385.0,1320.0
GURUSARAI,29/11/2021,0.8,1260.0,1395.0,1320.0
GURUSARAI,30/11/2021,0.5,1260.0,1390.0,1320.0
HAATHRAS,01/11/2021,62.0,1350.0,1450.0,1400.0
HAATHRAS,02/11/2021,65.0,1300.0,1420.0,1370.0
HAATHRAS,03/11/2021,60.0,1320.0,1400.0,1360.0
HAATHRAS,05/11/2021,55.0,1320.0,1400.0,1340.0
HAATHRAS,08/11/2021,50.0,1300.0,1400.0,1350.0
HAATHRAS,09/11/2021,55.0,1310.0,1400.0,1340.0
HAATHRAS,10/11/2021,75.0,1320.0,1430.0,1380.0
HAATHRAS,11/11/2021,80.0,1370.0,1480.0,1430.0
HAATHRAS,12/11/2021,70.0,1380.0,1470.0,1450.0
HAATHRAS,15/11/2021,75.0,1350.0,1450.0,1400.0
HAATHRAS,16/11/2021,65.0,1370.0,1480.0,1420.0
HAATHRAS,17/11/2021,70.0,1350.0,1480.0,1430.0
HAATHRAS,20/11/2021,60.0,1350.0,1450.0,1400.0
HAATHRAS,22/11/2021,65.0,1360.0,1440.0,1400.0
HAATHRAS,23/11/2021,70.0,1340.0,1420.0,1380.0
HAATHRAS,25/11/2021,55.0,1200.0,1300.0,1250.0
HAATHRAS,26/11/2021,80.0,1150.0,1250.0,1200.0
HAATHRAS,27/11/2021,85.0,1100.0,1220.0,1160.0
HAATHRAS,29/11/2021,80.0,1060.0,1170.0,1120.0
HAATHRAS,30/11/2021,95.0,1000.0,1200.0,1100.0
HAMIRPUR,12/11/2021,140.0,1200.0,1300.0,1250.0
HAMIRPUR,26/11/2021,162.0,1150.0,1250.0,1200.0
HAPUR,03/11/2021,80.0,1700.0,1800.0,1750.0
HAPUR,04/11/2021,60.0,1700.0,1850.0,1780.0
HAPUR,06/11/2021,100.0,1700.0,1840.0,1760.0
HAPUR,08/11/2021,80.0,1700.0,1800.0,1775.0
HAPUR,10/11/2021,85.0,1780.0,1880.0,1820.0
HAPUR,11/11/2021,80.0,1720.0,1830.0,1790.0
HAPUR,12/11/2021,70.0,1800.0,1900.0,1850.0
HAPUR,13/11/2021,60.0,1800.0,1940.0,1865.0
HAPUR,15/11/2021,80.0,1800.0,1920.0,1845.0
HAPUR,16/11/2021,100.0,1700.0,1850.0,1790.0
HAPUR,17/11/2021,90.0,1750.0,1860.0,1800.0
HAPUR,18/11/2021,120.0,1600.0,1720.0,1660.0
HAPUR,19/11/2021,100.0,1600.0,1720.0,1675.0
HAPUR,20/11/2021,80.0,1400.0,1500.0,1460.0
HAPUR,22/11/2021,120.0,1450.0,1560.0,1500.0
HAPUR,24/11/2021,200.0,1320.0,1400.0,1360.0
HAPUR,25/11/2021,160.0,1300.0,1400.0,1375.0
HAPUR,26/11/2021,150.0,1300.0,1400.0,1360.0
HAPUR,29/11/2021,150.0,1200.0,1300.0,1250.0
HAPUR,30/11/2021,150.0,1200.0,1300.0,1260.0
HARDOI,01/11/2021,80.0,1190.0,1280.0,1240.0
HARDOI,02/11/2021,75.0,1280.0,1320.0,1300.0
HARDOI,03/11/2021,70.0,1300.0,1340.0,1320.0
HARDOI,05/11/2021,70.0,1320.0,1450.0,1370.0
HARDOI,06/11/2021,80.0,1280.0,1340.0,1310.0
HARDOI,08/11/2021,80.0,1250.0,1350.0,1300.0
HARDOI,09/11/2021,70.0,1280.0,1360.0,1320.0
HARDOI,10/11/2021,70.0,1310.0,1380.0,1340.0
HARDOI,11/11/2021,130.0,1300.0,1360.0,1330.0
HARDOI,12/11/2021,120.0,1340.0,1400.0,1360.0
HARDOI,13/11/2021,100.0,1350.0,1370.0,1360.0
HARDOI,15/11/2021,100.0,1320.0,1390.0,1345.0
HARDOI,16/11/2021,140.0,1310.0,1370.0,1340.0
HARDOI,17/11/2021,120.0,1410.0,1460.0,1430.0
HARDOI,18/11/2021,140.0,1390.0,1430.0,1410.0
HARDOI,19/11/2021,130.0,1390.0,1440.0,1420.0
HARDOI,20/11/2021,110.0,1350.0,1450.0,1410.0
HARDOI,22/11/2021,150.0,1300.0,1400.0,1350.0
HARDOI,23/11/2021,180.0,1340.0,1420.0,1380.0
HARDOI,24/11/2021,200.0,1330.0,1380.0,1350.0
HARDOI,25/11/2021,120.0,1200.0,1300.0,1250.0
HARDOI,26/11/2021,110.0,1210.0,1275.0,1240.0
HARDOI,27/11/2021,120.0,1200.0,1240.0,1220.0
HARDOI,29/11/2021,150.0,1180.0,1220.0,1200.0
HARDOI,30/11/2021,140.0,1160.0,1240.0,1190.0
HASANPUR,01/11/2021,2.4,1000.0,1200.0,1100.0
HASANPUR,02/11/2021,2.5,1200.0,1300.0,1250.0
HASANPUR,03/11/2021,2.7,1200.0,1300.0,1250.0
HASANPUR,05/11/2021,2.2,1100.0,1300.0,1200.0
HASANPUR,06/11/2021,2.3,1200.0,1300.0,1250.0
HASANPUR,07/11/2021,2.4,1200.0,1300.0,1250.0
HASANPUR,08/11/2021,2.5,1100.0,1300.0,1200.0
HASANPUR,09/11/2021,2.8,1200.0,1300.0,1250.0
HASANPUR,10/11/2021,2.7,1200.0,1300.0,1250.0
HASANPUR,11/11/2021,2.6,1200.0,1300.0,1250.0
HASANPUR,12/11/2021,2.7,1200.0,1400.0,1300.0
HASANPUR,13/11/2021,2.6,1200.0,1240.0,1220.0
HASANPUR,14/11/2021,2.7,1200.0,1300.0,1250.0
HASANPUR,15/11/2021,2.6,1200.0,1400.0,1300.0
HASANPUR,16/11/2021,2.7,1200.0,1300.0,1250.0
HASANPUR,20/11/2021,2.3,1200.0,1300.0,1250.0
HASANPUR,21/11/2021,2.4,1200.0,1300.0,1250.0
HASANPUR,22/11/2021,2.5,1200.0,1300.0,1250.0
HASANPUR,23/11/2021,2.6,1200.0,1300.0,1250.0
HASANPUR,24/11/2021,2.6,1200.0,1300.0,1250.0
HASANPUR,25/11/2021,2.6,1200.0,1300.0,1250.0
HASANPUR,26/11/2021,2.7,1200.0,1250.0,1225.0
HASANPUR,27/11/2021,2.7,1200.0,1300.0,1250.0
HASANPUR,28/11/2021,2.8,1400.0,1500.0,1450.0
HASANPUR,29/11/2021,2.5,1400.0,1500.0,1450.0
HASANPUR,30/11/2021,2.4,1400.0,1500.0,1450.0
JAFARGANJ,01/11/2021,8.0,1620.0,1700.0,1670.0
JAFARGANJ,02/11/2021,7.0,1730.0,1800.0,1750.0
JAFARGANJ,03/11/2021,9.0,1850.0,1950.0,1900.0
JAFARGANJ,05/11/2021,8.0,1970.0,2050.0,2000.0
JAFARGANJ,08/11/2021,9.0,1980.0,2030.0,2010.0
JAFARGANJ,09/11/2021,6.0,2000.0,2100.0,2040.0
JAFARGANJ,10/11/2021,9.0,2000.0,2100.0,2050.0
JAFARGANJ,11/11/2021,6.0,1850.0,1950.0,1900.0
JAFARGANJ,12/11/2021,5.0,1850.0,1920.0,1890.0
JAFARGANJ,15/11/2021,6.0,1880.0,1960.0,1920.0
JAFARGANJ,16/11/2021,5.0,1800.0,1900.0,1850.0
JAFARGANJ,17/11/2021,8.0,1830.0,1900.0,1870.0
JAFARGANJ,18/11/2021,6.0,1850.0,1950.0,1900.0
JAFARGANJ,20/11/2021,8.0,1870.0,1950.0,1910.0
JAFARGANJ,22/11/2021,15.0,1600.0,1700.0,1650.0
JAFARGANJ,23/11/2021,9.0,1650.0,1750.0,1680.0
JAFARGANJ,24/11/2021,15.0,1250.0,1400.0,1300.0
JAFARGANJ,25/11/2021,18.0,1250.0,1350.0,1300.0
JAFARGANJ,26/11/2021,9.0,1250.0,1320.0,1280.0
JAFARGANJ,27/11/2021,8.0,1150.0,1300.0,1200.0
JAFARGANJ,29/11/2021,15.0,1150.0,1250.0,1200.0
JAFARGANJ,30/11/2021,10.0,1200.0,1260.0,1230.0
JAGNAIR,03/11/2021,1.0,1000.0,1100.0,1050.0
JAGNAIR,04/11/2021,1.2,1000.0,1100.0,1050.0
JAGNAIR,06/11/2021,1.2,1100.0,1200.0,1150.0
JAGNAIR,07/11/2021,0.8,1000.0,1200.0,1100.0
JAGNAIR,08/11/2021,0.8,1200.0,1300.0,1250.0
JAGNAIR,09/11/2021,0.7,1000.0,1200.0,1100.0
JAGNAIR,10/11/2021,1.2,1000.0,1100.0,1050.0
JAGNAIR,11/11/2021,0.8,1000.0,1100.0,1050.0
JAGNAIR,12/11/2021,1.0,1200.0,1300.0,1250.0
JAGNAIR,13/11/2021,0.8,1100.0,1150.0,1125.0
JAGNAIR,14/11/2021,1.2,1000.0,1200.0,1100.0
JAGNAIR,15/11/2021,0.8,1000.0,1100.0,1050.0
JAGNAIR,16/11/2021,1.4,1000.0,1200.0,1100.0
JAGNAIR,17/11/2021,1.5,1000.0,1200.0,1100.0
JAGNAIR,18/11/2021,1.2,1100.0,1200.0,1150.0
JAGNAIR,19/11/2021,1.0,1100.0,1200.0,1150.0
JAGNAIR,20/11/2021,1.2,1100.0,1150.0,1125.0
JAGNAIR,21/11/2021,1.0,1000.0,1200.0,1100.0
JAGNAIR,22/11/2021,1.0,1200.0,1300.0,1250.0
JAGNAIR,24/11/2021,1.2,1200.0,1250.0,1225.0
JAGNAIR,25/11/2021,1.0,1100.0,1150.0,1125.0
JAGNAIR,26/11/2021,1.1,1000.0,1100.0,1050.0
JAGNAIR,27/11/2021,0.8,1000.0,1100.0,1050.0
JAHANGIRABAD,02/11/2021,15.0,1645.0,1855.0,1750.0
JAHANGIRABAD,03/11/2021,12.0,1735.0,1950.0,1840.0
JAHANGIRABAD,04/11/2021,11.5,1705.0,1925.0,1818.0
JAHANGIRABAD,06/11/2021,11.0,1655.0,1870.0,1760.0
JAHANGIRABAD,07/11/2021,11.5,1640.0,1860.0,1756.0
JAHANGIRABAD,08/11/2021,12.0,1650.0,1875.0,1760.0
JAHANGIRABAD,09/11/2021,11.5,1760.0,1975.0,1865.0
JAHANGIRABAD,10/11/2021,9.0,1760.0,1975.0,1865.0
JAHANGIRABAD,11/11/2021,10.0,1755.0,1970.0,1860.0
JAHANGIRABAD,13/11/2021,12.0,1765.0,1980.0,1870.0
JAHANGIRABAD,14/11/2021,12.5,1760.0,1985.0,1875.0
JAHANGIRABAD,15/11/2021,13.5,1800.0,1990.0,1885.0
JAHANGIRABAD,16/11/2021,14.6,1730.0,1945.0,1840.0
JAHANGIRABAD,17/11/2021,16.0,1645.0,1845.0,1750.0
JAHANGIRABAD,18/11/2021,17.0,1600.0,1810.0,1700.0
JAHANGIRABAD,20/11/2021,20.5,1400.0,1600.0,1500.0
JAHANGIRABAD,21/11/2021,20.0,1410.0,1620.0,1515.0
JAHANGIRABAD,22/11/2021,24.0,1305.0,1500.0,1400.0
JAHANGIRABAD,23/11/2021,26.0,1246.0,1455.0,1350.0
JAHANGIRABAD,24/11/2021,25.0,1235.0,1450.0,1340.0
JAHANGIRABAD,25/11/2021,20.0,1200.0,1415.0,1310.0
JAHANGIRABAD,27/11/2021,18.0,1165.0,1380.0,1270.0
JAHANGIRABAD,28/11/2021,19.0,1050.0,1236.0,1140.0
JAHANGIRABAD,29/11/2021,16.0,1100.0,1300.0,1200.0
JAHANGIRABAD,30/11/2021,18.0,1000.0,1250.0,1100.0
JALALABAD,13/11/2021,1.0,1000.0,1100.0,1050.0
JALALABAD,14/11/2021,5.0,1000.0,1100.0,1050.0
JALALABAD,16/11/2021,1.0,800.0,900.0,850.0
JALAUN,02/11/2021,2.0,1000.0,1200.0,1100.0
JALAUN,03/11/2021,2.5,1050.0,1200.0,1100.0
JALAUN,06/11/2021,5.0,1050.0,1250.0,1100.0
JALAUN,07/11/2021,3.5,1200.0,1300.0,1250.0
JALAUN,09/11/2021,0.7,1200.0,1350.0,1300.0
JALAUN,10/11/2021,1.0,1000.0,1400.0,1200.0
JALAUN,11/11/2021,5.0,1200.0,1400.0,1250.0
JALAUN,12/11/2021,1.1,900.0,1200.0,1000.0
JALAUN,13/11/2021,3.0,1100.0,1300.0,1200.0
JALAUN,14/11/2021,2.5,1200.0,1350.0,1300.0
JALAUN,16/11/2021,6.0,1800.0,2200.0,2000.0
JALAUN,17/11/2021,1.6,1200.0,1500.0,1300.0
JALAUN,18/11/2021,2.0,1150.0,1500.0,1300.0
JALAUN,19/11/2021,1.8,800.0,1100.0,1000.0
JALAUN,20/11/2021,1.6,950.0,1100.0,1000.0
JALAUN,21/11/2021,1.5,900.0,1100.0,1000.0
JALAUN,23/11/2021,3.0,800.0,1100.0,1000.0
JALAUN,24/11/2021,2.0,1400.0,1600.0,1500.0
JALAUN,25/11/2021,3.0,1300.0,1600.0,1500.0
JALAUN,26/11/2021,2.0,1200.0,1450.0,1300.0
JALAUN,27/11/2021,2.0,900.0,1250.0,1000.0
JALAUN,28/11/2021,2.0,1000.0,1250.0,1100.0
JALAUN,30/11/2021,2.5,1000.0,1350.0,1200.0
JAMANIAN,30/11/2021,2100.0,1230.0,1270.0,1250.0
JANGIPURA,05/11/2021,96.0,1320.0,1360.0,1340.0
JANGIPURA,06/11/2021,87.0,1480.0,1530.0,1500.0
JANGIPURA,08/11/2021,110.0,1750.0,1800.0,1780.0
JANGIPURA,09/11/2021,120.0,1750.0,1800.0,1770.0
JANGIPURA,11/11/2021,120.0,1750.0,1800.0,1780.0
JANGIPURA,12/11/2021,100.0,1760.0,1800.0,1780.0
JANGIPURA,13/11/2021,116.0,1700.0,1760.0,1740.0
JANGIPURA,14/11/2021,130.0,1600.0,1650.0,1630.0
JANGIPURA,15/11/2021,140.0,1740.0,1780.0,1760.0
JANGIPURA,16/11/2021,120.0,1570.0,1630.0,1600.0
JANGIPURA,17/11/2021,123.0,1500.0,1560.0,1530.0
JANGIPURA,18/11/2021,130.0,1400.0,1450.0,1430.0
JANGIPURA,22/11/2021,90.0,1350.0,1400.0,1380.0
JANGIPURA,23/11/2021,96.0,1360.0,1400.0,1380.0
JANGIPURA,24/11/2021,100.0,1300.0,1350.0,1320.0
JANGIPURA,25/11/2021,116.0,1300.0,1340.0,1320.0
JANGIPURA,26/11/2021,90.0,1200.0,1250.0,1230.0
JANGIPURA,27/11/2021,98.0,1200.0,1250.0,1230.0
JANGIPURA,28/11/2021,98.0,1200.0,1250.0,1230.0
JANGIPURA,29/11/2021,95.0,1200.0,1250.0,1230.0
JANGIPURA,30/11/2021,110.0,1200.0,1250.0,1230.0
JARAR,26/11/2021,2500.0,1180.0,1230.0,1200.0
JASRA,01/11/2021,27.5,1145.0,1320.0,1240.0
JASRA,02/11/2021,25.0,1250.0,1400.0,1325.0
JASRA,03/11/2021,30.0,1230.0,1380.0,1300.0
JASRA,04/11/2021,40.0,1210.0,1375.0,1300.0
JASRA,06/11/2021,35.0,1240.0,1400.0,1330.0
JASRA,08/11/2021,38.0,1245.0,1410.0,1330.0
JASRA,09/11/2021,30.0,1320.0,1500.0,1410.0
JASRA,10/11/2021,27.5,1350.0,1520.0,1440.0
JASRA,11/11/2021,27.0,1420.0,1575.0,1500.0
JASRA,12/11/2021,32.0,1390.0,1550.0,1470.0
JASRA,14/11/2021,30.0,1400.0,1560.0,1490.0
JASRA,15/11/2021,33.0,1390.0,1550.0,1465.0
JASRA,16/11/2021,35.0,1360.0,1525.0,1430.0
JASRA,17/11/2021,28.0,1400.0,1560.0,1470.0
JASRA,18/11/2021,28.0,1400.0,1565.0,1475.0
JASRA,19/11/2021,32.5,1400.0,1550.0,1475.0
JASRA,22/11/2021,34.0,1390.0,1545.0,1460.0
JASRA,23/11/2021,30.0,1405.0,1545.0,1460.0
JASRA,25/11/2021,34.0,1360.0,1520.0,1435.0
JASRA,26/11/2021,38.0,1340.0,1500.0,1410.0
JASRA,27/11/2021,40.0,1310.0,1460.0,1385.0
JASRA,29/11/2021,40.0,1250.0,1400.0,1325.0
JASRA,30/11/2021,33.0,1250.0,1410.0,1340.0
JASVANTNAGAR,01/11/2021,3.6,1150.0,1350.0,1250.0
JASVANTNAGAR,02/11/2021,4.5,1150.0,1350.0,1250.0
JASVANTNAGAR,03/11/2021,4.0,1150.0,1350.0,1250.0
JASVANTNAGAR,04/11/2021,3.5,1150.0,1350.0,1250.0
JASVANTNAGAR,06/11/2021,4.1,1200.0,1400.0,1300.0
JASVANTNAGAR,08/11/2021,3.8,1200.0,1400.0,1300.0
JASVANTNAGAR,09/11/2021,3.5,1200.0,1400.0,1300.0
JASVANTNAGAR,10/11/2021,4.6,1200.0,1400.0,1300.0
JASVANTNAGAR,11/11/2021,3.5,1200.0,1400.0,1300.0
JASVANTNAGAR,12/11/2021,4.0,1200.0,1400.0,1300.0
JASVANTNAGAR,13/11/2021,3.7,1200.0,1400.0,1300.0
JASVANTNAGAR,15/11/2021,4.0,1200.0,1400.0,1300.0
JASVANTNAGAR,16/11/2021,6.0,1200.0,1400.0,1300.0
JASVANTNAGAR,17/11/2021,3.5,1200.0,1400.0,1300.0
JASVANTNAGAR,18/11/2021,3.6,1200.0,1400.0,1300.0
JASVANTNAGAR,19/11/2021,3.3,1200.0,1400.0,1300.0
JASVANTNAGAR,20/11/2021,6.0,1200.0,1400.0,1300.0
JASVANTNAGAR,22/11/2021,2.6,1150.0,1350.0,1250.0
JASVANTNAGAR,23/11/2021,3.3,1150.0,1350.0,1250.0
JASVANTNAGAR,24/11/2021,3.3,1150.0,1350.0,1250.0
JASVANTNAGAR,25/11/2021,3.2,1100.0,1300.0,1200.0
JASVANTNAGAR,26/11/2021,2.8,1100.0,1300.0,1200.0
JASVANTNAGAR,27/11/2021,3.6,1100.0,1300.0,1200.0
JASVANTNAGAR,29/11/2021,3.8,1100.0,1300.0,1200.0
JASVANTNAGAR,30/11/2021,2.8,1100.0,1300.0,1200.0
JAUNPUR,01/11/2021,80.0,1475.0,1525.0,1500.0
JAUNPUR,02/11/2021,145.0,1470.0,1530.0,1500.0
JAUNPUR,03/11/2021,150.0,1550.0,1650.0,1600.0
JAUNPUR,06/11/2021,160.0,1625.0,1700.0,1650.0
JAUNPUR,08/11/2021,100.0,1600.0,1660.0,1625.0
JAUNPUR,09/11/2021,70.0,1620.0,1680.0,1650.0
JAUNPUR,10/11/2021,180.0,1650.0,1700.0,1680.0
JAUNPUR,11/11/2021,150.0,1650.0,1750.0,1700.0
JAUNPUR,12/11/2021,125.0,1700.0,1750.0,1725.0
JAUNPUR,13/11/2021,240.0,1700.0,1760.0,1730.0
JAUNPUR,15/11/2021,100.0,1700.0,1750.0,1735.0
JAUNPUR,16/11/2021,162.5,1580.0,1630.0,1600.0
JAUNPUR,17/11/2021,100.0,1470.0,1540.0,1500.0
JAUNPUR,18/11/2021,105.0,1470.0,1525.0,1500.0
JAUNPUR,19/11/2021,140.0,1400.0,1500.0,1450.0
JAUNPUR,20/11/2021,167.0,1420.0,1465.0,1450.0
JAUNPUR,22/11/2021,192.0,1375.0,1425.0,1400.0
JAUNPUR,23/11/2021,160.0,1300.0,1400.0,1350.0
JAUNPUR,24/11/2021,120.0,1320.0,1375.0,1350.0
JAUNPUR,25/11/2021,118.5,1350.0,1400.0,1375.0
JAUNPUR,26/11/2021,227.8,1325.0,1375.0,1350.0
JAUNPUR,27/11/2021,180.0,1300.0,1390.0,1350.0
JAUNPUR,29/11/2021,145.0,1300.0,1350.0,1325.0
JAUNPUR,30/11/2021,312.0,1275.0,1350.0,1300.0
JAYAS,01/11/2021,3.4,1200.0,1300.0,1250.0
JAYAS,02/11/2021,3.2,1300.0,1400.0,1320.0
JAYAS,04/11/2021,2.4,1200.0,1300.0,1250.0
JAYAS,05/11/2021,3.7,1200.0,1300.0,1250.0
JAYAS,06/11/2021,2.6,1200.0,1500.0,1300.0
JAYAS,07/11/2021,2.7,1200.0,1350.0,1250.0
JAYAS,08/11/2021,2.5,1300.0,1400.0,1350.0
JAYAS,09/11/2021,2.0,1300.0,1400.0,1350.0
JAYAS,11/11/2021,3.0,1350.0,1450.0,1400.0
JAYAS,12/11/2021,3.0,1300.0,1400.0,1350.0
JAYAS,13/11/2021,3.2,1300.0,1400.0,1350.0
JAYAS,14/11/2021,3.5,1300.0,1400.0,1350.0
JAYAS,15/11/2021,3.3,1300.0,1400.0,1350.0
JAYAS,16/11/2021,4.4,1300.0,1400.0,1350.0
JAYAS,18/11/2021,3.8,1300.0,1400.0,1350.0
JAYAS,19/11/2021,3.5,1300.0,1400.0,1350.0
JAYAS,20/11/2021,4.8,1300.0,1400.0,1350.0
JAYAS,21/11/2021,3.5,1300.0,1400.0,1350.0
JAYAS,22/11/2021,4.5,1300.0,1400.0,1350.0
JAYAS,23/11/2021,3.7,1100.0,1250.0,1200.0
JAYAS,25/11/2021,3.1,1000.0,1250.0,1150.0
JAYAS,26/11/2021,3.3,1100.0,1200.0,1180.0
JAYAS,27/11/2021,4.2,1100.0,1200.0,1170.0
JAYAS,28/11/2021,4.1,1100.0,1200.0,1170.0
JAYAS,29/11/2021,3.5,1100.0,1200.0,1150.0
JAYAS,30/11/2021,3.3,1100.0,1200.0,1150.0
JHANSI,02/11/2021,26.0,1120.0,1240.0,1170.0
JHANSI,09/11/2021,20.0,1130.0,1240.0,1185.0
JHANSI,10/11/2021,26.0,1100.0,1245.0,1170.0
JHANSI,12/11/2021,22.5,1130.0,1255.0,1185.0
JHANSI,13/11/2021,22.0,1150.0,1255.0,1190.0
JHANSI,14/11/2021,22.5,1150.0,1245.0,1185.0
JHANSI,15/11/2021,23.0,1130.0,1240.0,1180.0
JHANSI,16/11/2021,22.0,1150.0,1250.0,1190.0
JHANSI,17/11/2021,24.0,1120.0,1250.0,1175.0
JHANSI,18/11/2021,22.0,1130.0,1250.0,1180.0
JHANSI,19/11/2021,23.0,1120.0,1240.0,1170.0
JHANSI,20/11/2021,22.5,1120.0,1240.0,1175.0
JHANSI,21/11/2021,22.0,1130.0,1250.0,1180.0
JHANSI,22/11/2021,20.0,1130.0,1265.0,1185.0
JHANSI,23/11/2021,24.0,1020.0,1250.0,1175.0
JHANSI,24/11/2021,22.0,1150.0,1250.0,1195.0
JHANSI,25/11/2021,25.0,1150.0,1265.0,1190.0
JHANSI,26/11/2021,24.0,1150.0,1250.0,1195.0
JHANSI,27/11/2021,25.0,1150.0,1250.0,1190.0
JHANSI,28/11/2021,22.5,1150.0,1260.0,1200.0
JHANSI,29/11/2021,22.0,1150.0,1265.0,1205.0
JHANSI,30/11/2021,20.0,1160.0,1265.0,1210.0
JHIJHANK,02/11/2021,10.0,1250.0,1450.0,1350.0
JHIJHANK,03/11/2021,15.0,1250.0,1450.0,1360.0
JHIJHANK,04/11/2021,18.0,1200.0,1400.0,1320.0
JHIJHANK,06/11/2021,6.0,1250.0,1450.0,1350.0
JHIJHANK,07/11/2021,10.0,1150.0,1400.0,1275.0
JHIJHANK,09/11/2021,12.0,1250.0,1450.0,1380.0
JHIJHANK,10/11/2021,11.0,1300.0,1500.0,1400.0
JHIJHANK,11/11/2021,10.0,1300.0,1500.0,1425.0
JHIJHANK,12/11/2021,13.5,1350.0,1550.0,1450.0
JHIJHANK,13/11/2021,12.0,1350.0,1550.0,1460.0
JHIJHANK,14/11/2021,15.0,1350.0,1550.0,1435.0
JHIJHANK,16/11/2021,10.0,1350.0,1550.0,1450.0
JHIJHANK,17/11/2021,11.0,1400.0,1550.0,1470.0
JHIJHANK,18/11/2021,12.5,1350.0,1550.0,1480.0
JHIJHANK,19/11/2021,10.0,1350.0,1550.0,1485.0
JHIJHANK,20/11/2021,14.0,1300.0,1500.0,1430.0
JHIJHANK,21/11/2021,15.0,1200.0,1450.0,1360.0
JHIJHANK,23/11/2021,13.0,1250.0,1400.0,1320.0
JHIJHANK,24/11/2021,12.0,1200.0,1350.0,1280.0
JHIJHANK,25/11/2021,15.0,1150.0,1350.0,1250.0
JHIJHANK,26/11/2021,16.0,1150.0,1300.0,1225.0
JHIJHANK,27/11/2021,13.0,1100.0,1300.0,1200.0
JHIJHANK,28/11/2021,15.0,1050.0,1250.0,1150.0
JHIJHANK,30/11/2021,12.5,,,
KADHLE,01/11/2021,1.4,950.0,1000.0,975.0
KADHLE,02/11/2021,1.9,1000.0,1040.0,1020.0
KADHLE,05/11/2021,0.8,950.0,1000.0,975.0
KADHLE,06/11/2021,1.3,950.0,1000.0,975.0
KADHLE,07/11/2021,1.3,950.0,1000.0,975.0
KADHLE,08/11/2021,1.6,1000.0,1100.0,1050.0
KADHLE,09/11/2021,1.2,1000.0,1100.0,1050.0
KADHLE,10/11/2021,2.2,1750.0,1800.0,1775.0
KADHLE,11/11/2021,1.2,1800.0,1900.0,1850.0
KADHLE,12/11/2021,1.8,1600.0,1700.0,1650.0
KADHLE,13/11/2021,1.6,1600.0,1700.0,1650.0
KADHLE,15/11/2021,0.8,1600.0,1700.0,1650.0
KADHLE,17/11/2021,2.1,1750.0,1850.0,1800.0
KADHLE,18/11/2021,2.4,1450.0,1500.0,1480.0
KADHLE,19/11/2021,1.5,1450.0,1510.0,1480.0
KADHLE,20/11/2021,1.8,1550.0,1600.0,1580.0
KADHLE,22/11/2021,2.1,1450.0,1510.0,1480.0
KADHLE,23/11/2021,4.0,1350.0,1400.0,1380.0
KADHLE,24/11/2021,1.0,1600.0,1700.0,1650.0
KADHLE,25/11/2021,2.2,1700.0,1800.0,1750.0
KADHLE,26/11/2021,1.3,1600.0,1700.0,1650.0
KADHLE,27/11/2021,1.0,1600.0,1700.0,1650.0
KADHLE,29/11/2021,1.0,1600.0,1700.0,1650.0
KAIRANA,01/11/2021,2.5,1250.0,1300.0,1280.0
KAIRANA,02/11/2021,2.0,1250.0,1300.0,1280.0
KAIRANA,03/11/2021,2.2,1250.0,1300.0,1280.0
KAIRANA,04/11/2021,2.0,1250.0,1300.0,1280.0
KAIRANA,05/11/2021,2.0,1250.0,1300.0,1280.0
KAIRANA,06/11/2021,2.0,1250.0,1300.0,1280.0
KAIRANA,07/11/2021,1.8,1250.0,1300.0,1280.0
KAIRANA,08/11/2021,3.0,1300.0,1350.0,1325.0
KAIRANA,09/11/2021,2.0,1350.0,1400.0,1375.0
KAIRANA,11/11/2021,2.2,1450.0,1500.0,1475.0
KAIRANA,12/11/2021,0.4,3150.0,3200.0,3180.0
KAIRANA,13/11/2021,2.0,1450.0,1500.0,1475.0
KAIRANA,15/11/2021,2.0,1450.0,1500.0,1480.0
KAIRANA,16/11/2021,1.5,1450.0,1500.0,1480.0
KAIRANA,17/11/2021,2.0,1480.0,1510.0,1500.0
KAIRANA,18/11/2021,2.0,1350.0,1400.0,1380.0
KAIRANA,19/11/2021,2.0,1350.0,1400.0,1380.0
KAIRANA,20/11/2021,0.8,1450.0,1500.0,1480.0
KAIRANA,22/11/2021,2.0,1050.0,1200.0,1080.0
KAIRANA,23/11/2021,1.0,1350.0,1400.0,1380.0
KAIRANA,24/11/2021,1.0,1150.0,1200.0,1180.0
KAIRANA,25/11/2021,1.0,1150.0,1200.0,1180.0
KAIRANA,26/11/2021,1.1,1190.0,1210.0,1200.0
KAIRANA,27/11/2021,1.8,1150.0,1200.0,1180.0
KAIRANA,28/11/2021,1.0,1200.0,1275.0,1250.0
KAIRANA,29/11/2021,2.0,1250.0,1300.0,1275.0
KAMLAGANJ,01/11/2021,0.8,1000.0,1200.0,1150.0
KAMLAGANJ,04/11/2021,0.7,1100.0,1240.0,1200.0
KAMLAGANJ,05/11/2021,20.0,1150.0,1300.0,1220.0
KAMLAGANJ,06/11/2021,0.8,1100.0,1300.0,1200.0
KAMLAGANJ,07/11/2021,0.8,1150.0,1300.0,1220.0
KAMLAGANJ,08/11/2021,0.8,1100.0,1300.0,1220.0
KAMLAGANJ,09/11/2021,0.7,1150.0,1300.0,1240.0
KAMLAGANJ,10/11/2021,25.0,1100.0,1300.0,1220.0
KAMLAGANJ,11/11/2021,0.8,1100.0,1300.0,1200.0
KAMLAGANJ,12/11/2021,0.7,1150.0,1350.0,1250.0
KAMLAGANJ,13/11/2021,0.7,1150.0,1300.0,1220.0
KAMLAGANJ,14/11/2021,0.7,1100.0,1350.0,1250.0
KAMLAGANJ,15/11/2021,0.8,1150.0,1300.0,1250.0
KAMLAGANJ,16/11/2021,0.8,1100.0,1300.0,1200.0
KAMLAGANJ,17/11/2021,1.5,1100.0,1300.0,1240.0
KAMLAGANJ,18/11/2021,0.7,1000.0,1300.0,1200.0
KAMLAGANJ,19/11/2021,1.2,1000.0,1300.0,1200.0
KAMLAGANJ,21/11/2021,1.2,1100.0,1300.0,1200.0
KAMLAGANJ,22/11/2021,1.4,1050.0,1300.0,1180.0
KAMLAGANJ,23/11/2021,1.2,1100.0,1300.0,1200.0
KAMLAGANJ,24/11/2021,1.5,1100.0,1250.0,1180.0
KAMLAGANJ,25/11/2021,1.4,1100.0,1250.0,1200.0
KAMLAGANJ,26/11/2021,1.4,1000.0,1300.0,1200.0
KAMLAGANJ,28/11/2021,26.0,900.0,1150.0,1050.0
KAMLAGANJ,29/11/2021,1.5,800.0,1000.0,900.0
KAMLAGANJ,30/11/2021,1.5,1000.0,1200.0,1150.0
KANNAUJ,01/11/2021,380.0,1100.0,1200.0,1160.0
KANNAUJ,06/11/2021,350.0,1240.0,1350.0,1280.0
KANNAUJ,07/11/2021,350.0,1250.0,1350.0,1300.0
KANNAUJ,08/11/2021,340.0,1300.0,1400.0,1350.0
KANNAUJ,10/11/2021,350.0,1300.0,1400.0,1340.0
KANNAUJ,11/11/2021,360.0,1280.0,1360.0,1330.0
KANNAUJ,12/11/2021,380.0,1280.0,1380.0,1320.0
KANNAUJ,13/11/2021,390.0,1260.0,1360.0,1320.0
KANNAUJ,14/11/2021,390.0,1250.0,1360.0,1320.0
KANNAUJ,15/11/2021,400.0,1260.0,1350.0,1310.0
KANNAUJ,17/11/2021,390.0,1300.0,1400.0,1360.0
KANNAUJ,18/11/2021,380.0,1320.0,1420.0,1380.0
KANNAUJ,19/11/2021,370.0,1300.0,1420.0,1380.0
KANNAUJ,20/11/2021,400.0,1300.0,1400.0,1360.0
KANNAUJ,21/11/2021,400.0,1300.0,1400.0,1350.0
KANNAUJ,22/11/2021,410.0,1280.0,1360.0,1320.0
KANNAUJ,24/11/2021,420.0,1250.0,1320.0,1300.0
KANNAUJ,25/11/2021,420.0,1240.0,1320.0,1280.0
KANNAUJ,26/11/2021,440.0,1200.0,1250.0,1230.0
KANNAUJ,27/11/2021,450.0,1180.0,1250.0,1220.0
KANPUR(GRAIN),01/11/2021,2550.0,1300.0,1550.0,1450.0
KANPUR(GRAIN),02/11/2021,2100.0,1500.0,1650.0,1550.0
KANPUR(GRAIN),08/11/2021,1400.0,1500.0,1600.0,1560.0
KANPUR(GRAIN),09/11/2021,1350.0,1500.0,1650.0,1610.0
KANPUR(GRAIN),10/11/2021,1300.0,1450.0,1800.0,1650.0
KANPUR(GRAIN),11/11/2021,1180.0,1550.0,1800.0,1660.0
KANPUR(GRAIN),12/11/2021,1060.0,1550.0,1750.0,1670.0
KANPUR(GRAIN),13/11/2021,1000.0,1600.0,1750.0,1675.0
KANPUR(GRAIN),15/11/2021,900.0,1650.0,1800.0,1700.0
KANPUR(GRAIN),16/11/2021,800.0,1700.0,1950.0,1800.0
KANPUR(GRAIN),17/11/2021,900.0,1700.0,1850.0,1775.0
KANPUR(GRAIN),18/11/2021,1200.0,1600.0,1850.0,1750.0
KANPUR(GRAIN),19/11/2021,3800.0,1680.0,1800.0,1725.0
KANPUR(GRAIN),20/11/2021,3500.0,1600.0,1875.0,1700.0
KANPUR(GRAIN),22/11/2021,3300.0,1550.0,1850.0,1710.0
KANPUR(GRAIN),23/11/2021,4000.0,1400.0,1600.0,1500.0
KANPUR(GRAIN),24/11/2021,4700.0,1350.0,1550.0,1450.0
KANPUR(GRAIN),25/11/2021,5500.0,1300.0,1550.0,1400.0
KANPUR(GRAIN),26/11/2021,4300.0,1350.0,1500.0,1425.0
KANPUR(GRAIN),27/11/2021,5000.0,1365.0,1450.0,1410.0
KANPUR(GRAIN),29/11/2021,6000.0,1250.0,1450.0,1350.0
KANPUR(GRAIN),30/11/2021,4500.0,1250.0,1420.0,1340.0
KARVI,01/11/2021,13.0,1080.0,1280.0,1180.0
KARVI,02/11/2021,12.0,1085.0,1285.0,1185.0
KARVI,03/11/2021,11.0,1100.0,1300.0,1200.0
KARVI,06/11/2021,12.0,1100.0,1300.0,1200.0
KARVI,07/11/2021,12.5,1100.0,1300.0,1200.0
KARVI,08/11/2021,11.5,1110.0,1310.0,1210.0
KARVI,09/11/2021,11.0,1115.0,1315.0,1215.0
KARVI,10/11/2021,10.5,1120.0,1320.0,1220.0
KARVI,12/11/2021,10.0,1135.0,1335.0,1235.0
KARVI,13/11/2021,12.0,1110.0,1180.0,1140.0
KARVI,15/11/2021,13.0,1100.0,1130.0,1120.0
KARVI,16/11/2021,15.0,1100.0,1130.0,1120.0
KARVI,17/11/2021,16.0,1100.0,1300.0,1200.0
KARVI,19/11/2021,17.0,1100.0,1300.0,1200.0
KARVI,20/11/2021,18.0,1100.0,1250.0,1220.0
KARVI,21/11/2021,20.0,1110.0,1310.0,1210.0
KARVI,22/11/2021,17.0,1150.0,1350.0,1250.0
KARVI,23/11/2021,20.0,1140.0,1340.0,1240.0
KARVI,24/11/2021,17.0,1150.0,1350.0,1250.0
KARVI,26/11/2021,20.0,1150.0,1350.0,1250.0
KARVI,27/11/2021,19.0,1150.0,1350.0,1250.0
KARVI,28/11/2021,22.0,1140.0,1340.0,1240.0
KARVI,29/11/2021,20.0,1145.0,1345.0,1245.0
KARVI,30/11/2021,16.0,1150.0,1350.0,1250.0
KASGANJ,02/11/2021,34.0,1030.0,1220.0,1140.0
KASGANJ,06/11/2021,34.0,1060.0,1250.0,1150.0
KASGANJ,07/11/2021,31.0,1070.0,1270.0,1160.0
KASGANJ,09/11/2021,35.0,1080.0,1260.0,1170.0
KASGANJ,10/11/2021,38.0,1070.0,1250.0,1160.0
KASGANJ,11/11/2021,40.0,1160.0,1340.0,1250.0
KASGANJ,12/11/2021,38.0,1170.0,1350.0,1260.0
KASGANJ,14/11/2021,36.0,1160.0,1340.0,1250.0
KASGANJ,16/11/2021,40.0,1150.0,1330.0,1240.0
KASGANJ,17/11/2021,35.0,1170.0,1340.0,1260.0
KASGANJ,18/11/2021,36.0,1200.0,1330.0,1250.0
KASGANJ,19/11/2021,35.0,1200.0,1330.0,1260.0
KASGANJ,20/11/2021,32.0,1200.0,1340.0,1270.0
KASGANJ,21/11/2021,38.0,1200.0,1320.0,1250.0
KASGANJ,23/11/2021,35.0,1200.0,1340.0,1260.0
KASGANJ,24/11/2021,32.0,1220.0,1350.0,1280.0
KASGANJ,25/11/2021,38.0,1210.0,1340.0,1270.0
KASGANJ,26/11/2021,36.0,1200.0,1340.0,1260.0
KASGANJ,27/11/2021,36.0,1200.0,1340.0,1250.0
KASGANJ,28/11/2021,40.0,1200.0,1320.0,1240.0
KASGANJ,30/11/2021,39.0,1200.0,1340.0,1260.0
KAYAMGANJ,01/11/2021,110.0,1150.0,1250.0,1200.0
KAYAMGANJ,02/11/2021,100.0,1200.0,1300.0,1250.0
KAYAMGANJ,03/11/2021,130.0,1240.0,1340.0,1290.0
KAYAMGANJ,06/11/2021,100.0,1230.0,1310.0,1260.0
KAYAMGANJ,08/11/2021,90.0,1220.0,1320.0,1270.0
KAYAMGANJ,09/11/2021,80.0,1230.0,1330.0,1280.0
KAYAMGANJ,10/11/2021,90.0,1220.0,1320.0,1270.0
KAYAMGANJ,11/11/2021,100.0,1240.0,1340.0,1290.0
KAYAMGANJ,12/11/2021,90.0,1270.0,1370.0,1320.0
KAYAMGANJ,13/11/2021,100.0,1280.0,1380.0,1330.0
KAYAMGANJ,15/11/2021,120.0,1270.0,1360.0,1310.0
KAYAMGANJ,16/11/2021,100.0,1280.0,1380.0,1330.0
KAYAMGANJ,17/11/2021,90.0,1300.0,1400.0,1350.0
KAYAMGANJ,18/11/2021,120.0,1275.0,1375.0,1325.0
KAYAMGANJ,19/11/2021,140.0,1250.0,1350.0,1300.0
KAYAMGANJ,20/11/2021,150.0,1230.0,1320.0,1280.0
KAYAMGANJ,22/11/2021,180.0,1200.0,1300.0,1250.0
KAYAMGANJ,23/11/2021,150.0,1210.0,1310.0,1260.0
KAYAMGANJ,24/11/2021,180.0,1150.0,1250.0,1200.0
KAYAMGANJ,25/11/2021,200.0,1120.0,1230.0,1180.0
KAYAMGANJ,26/11/2021,160.0,1170.0,1270.0,1220.0
KAYAMGANJ,27/11/2021,180.0,1150.0,1250.0,1200.0
KAYAMGANJ,29/11/2021,200.0,1130.0,1240.0,1190.0
KAYAMGANJ,30/11/2021,220.0,1120.0,1230.0,1180.0
KHAGA,01/11/2021,22.0,1100.0,1190.0,1150.0
KHAGA,02/11/2021,20.0,1150.0,1240.0,1200.0
KHAGA,03/11/2021,18.0,1200.0,1290.0,1250.0
KHAGA,05/11/2021,17.0,1240.0,1330.0,1290.0
KHAGA,06/11/2021,17.0,1240.0,1330.0,1290.0
KHAGA,07/11/2021,16.0,1250.0,1340.0,1300.0
KHAGA,08/11/2021,17.0,1190.0,1300.0,1260.0
KHAGA,09/11/2021,16.0,1200.0,1330.0,1270.0
KHAGA,12/11/2021,13.5,1290.0,1380.0,1340.0
KHAGA,13/11/2021,14.0,1280.0,1370.0,1330.0
KHAGA,14/11/2021,14.0,1300.0,1390.0,1350.0
KHAGA,15/11/2021,13.0,1310.0,1400.0,1360.0
KHAGA,16/11/2021,12.0,1350.0,1440.0,1400.0
KHAGA,17/11/2021,11.0,1370.0,1460.0,1420.0
KHAGA,19/11/2021,13.0,1350.0,1440.0,1400.0
KHAGA,20/11/2021,12.0,1360.0,1450.0,1410.0
KHAGA,21/11/2021,14.0,1340.0,1430.0,1390.0
KHAGA,22/11/2021,15.0,1330.0,1420.0,1380.0
KHAGA,23/11/2021,14.0,1350.0,1440.0,1400.0
KHAGA,24/11/2021,14.5,1340.0,1440.0,1390.0
KHAGA,26/11/2021,15.0,1330.0,1420.0,1380.0
KHAGA,27/11/2021,18.0,1280.0,1370.0,1330.0
KHAGA,29/11/2021,20.0,1290.0,1370.0,1330.0
KHAGA,30/11/2021,23.0,1210.0,1300.0,1260.0
KHAIR,18/11/2021,12.0,1000.0,1200.0,1100.0
KHAIR,22/11/2021,20.0,500.0,850.0,600.0
KHAIR,23/11/2021,30.0,500.0,700.0,600.0
KHAIRAGARH,01/11/2021,8.0,1000.0,1100.0,1050.0
KHAIRAGARH,05/11/2021,5.0,1000.0,1100.0,1050.0
KHAIRAGARH,06/11/2021,4.0,1000.0,1100.0,1050.0
KHAIRAGARH,08/11/2021,6.0,800.0,900.0,850.0
KHAIRAGARH,09/11/2021,6.0,1050.0,1150.0,1100.0
KHAIRAGARH,10/11/2021,5.0,1000.0,1100.0,1050.0
KHAIRAGARH,12/11/2021,3.0,1000.0,1100.0,1050.0
KHAIRAGARH,13/11/2021,4.0,1000.0,1100.0,1050.0
KHAIRAGARH,14/11/2021,3.0,1000.0,1100.0,1050.0
KHAIRAGARH,15/11/2021,4.0,1000.0,1100.0,1050.0
KHAIRAGARH,16/11/2021,3.0,1100.0,1200.0,1150.0
KHAIRAGARH,18/11/2021,6.0,1000.0,1100.0,1050.0
KHAIRAGARH,19/11/2021,6.0,1000.0,1100.0,1050.0
KHAIRAGARH,20/11/2021,10.0,1000.0,1100.0,1050.0
KHAIRAGARH,21/11/2021,10.0,1000.0,1100.0,1050.0
KHAIRAGARH,22/11/2021,6.0,1000.0,1100.0,1050.0
KHAIRAGARH,23/11/2021,4.0,1000.0,1100.0,1050.0
KHAIRAGARH,25/11/2021,11.0,1000.0,1100.0,1050.0
KHAIRAGARH,26/11/2021,6.2,1000.0,1100.0,1050.0
KHAIRAGARH,28/11/2021,6.0,1000.0,1100.0,1050.0
KHAIRAGARH,29/11/2021,8.0,1000.0,1100.0,1050.0
KHAIRAGARH,30/11/2021,6.0,1000.0,1100.0,1050.0
KHALILABAD,01/11/2021,484.0,1900.0,2100.0,2000.0
KHALILABAD,02/11/2021,100.0,1900.0,2100.0,2000.0
KHALILABAD,08/11/2021,324.0,1900.0,2100.0,2000.0
KHALILABAD,09/11/2021,135.0,1900.0,2100.0,2000.0
KHALILABAD,10/11/2021,440.0,1900.0,2100.0,2000.0
KHALILABAD,11/11/2021,262.0,1900.0,2100.0,2000.0
KHALILABAD,14/11/2021,265.0,1400.0,1600.0,1500.0
KHALILABAD,15/11/2021,510.0,1400.0,1600.0,1500.0
KHALILABAD,16/11/2021,395.0,1400.0,1600.0,1500.0
KHALILABAD,17/11/2021,425.0,1400.0,1600.0,1500.0
KHALILABAD,18/11/2021,430.0,1400.0,1600.0,1500.0
KHALILABAD,19/11/2021,265.0,1400.0,1600.0,1500.0
KHALILABAD,20/11/2021,615.0,1400.0,1600.0,1500.0
KHALILABAD,21/11/2021,20.0,1400.0,1600.0,1500.0
KHALILABAD,22/11/2021,267.0,1400.0,1600.0,1500.0
KHALILABAD,23/11/2021,380.0,1400.0,1600.0,1500.0
KHALILABAD,24/11/2021,16.0,1400.0,1600.0,1500.0
KHALILABAD,25/11/2021,262.0,1400.0,1600.0,1500.0
KHALILABAD,26/11/2021,130.0,1400.0,1600.0,1500.0
KHALILABAD,28/11/2021,635.0,700.0,900.0,800.0
KHALILABAD,29/11/2021,380.0,700.0,900.0,800.0
KHATAULI,02/11/2021,6.5,1230.0,1270.0,1250.0
KHATAULI,03/11/2021,6.0,1210.0,1250.0,1230.0
KHATAULI,06/11/2021,3.4,1180.0,1220.0,1200.0
KHATAULI,07/11/2021,4.0,1680.0,1720.0,1700.0
KHATAULI,08/11/2021,4.5,1640.0,1680.0,1660.0
KHATAULI,09/11/2021,3.5,1600.0,1640.0,1620.0
KHATAULI,10/11/2021,4.0,1680.0,1720.0,1700.0
KHATAULI,11/11/2021,5.0,1680.0,1720.0,1700.0
KHATAULI,12/11/2021,3.2,1640.0,1680.0,1660.0
KHATAULI,13/11/2021,4.5,1620.0,1660.0,1640.0
KHATAULI,14/11/2021,4.0,1580.0,1620.0,1600.0
KHATAULI,15/11/2021,4.2,1600.0,1640.0,1620.0
KHATAULI,16/11/2021,3.2,1640.0,1680.0,1660.0
KHATAULI,17/11/2021,3.8,1670.0,1710.0,1690.0
KHATAULI,18/11/2021,4.5,1620.0,1660.0,1640.0
KHATAULI,19/11/2021,4.0,1650.0,1690.0,1670.0
KHATAULI,20/11/2021,4.0,1640.0,1680.0,1660.0
KHATAULI,22/11/2021,3.8,1540.0,1580.0,1560.0
KHATAULI,23/11/2021,3.0,1670.0,1710.0,1690.0
KHATAULI,24/11/2021,4.2,1620.0,1680.0,1640.0
KHATAULI,25/11/2021,4.0,1580.0,1620.0,1600.0
KHATAULI,26/11/2021,3.5,1420.0,1460.0,1440.0
KHATAULI,27/11/2021,4.0,1420.0,1460.0,1440.0
KHATAULI,28/11/2021,3.5,1420.0,1460.0,1440.0
KHATAULI,29/11/2021,4.2,1220.0,1260.0,1240.0
KHATAULI,30/11/2021,3.5,1220.0,1260.0,1240.0
KHEKDA,01/11/2021,0.3,1500.0,1700.0,1600.0
KHEKDA,02/11/2021,0.4,1400.0,1600.0,1500.0
KHEKDA,03/11/2021,0.3,1500.0,1700.0,1600.0
KHEKDA,04/11/2021,0.3,1400.0,1800.0,1600.0
KHEKDA,07/11/2021,0.4,1400.0,1600.0,1500.0
KHEKDA,08/11/2021,0.3,1600.0,1800.0,1700.0
KHEKDA,09/11/2021,0.4,1400.0,1600.0,1500.0
KHEKDA,10/11/2021,0.3,1500.0,1700.0,1600.0
KHEKDA,11/11/2021,0.6,1500.0,1700.0,1600.0
KHEKDA,14/11/2021,0.4,1400.0,1600.0,1500.0
KHEKDA,15/11/2021,0.3,1500.0,1700.0,1600.0
KHEKDA,17/11/2021,0.3,1500.0,1700.0,1600.0
KHEKDA,18/11/2021,0.4,1400.0,1600.0,1500.0
KHEKDA,19/11/2021,0.2,1500.0,1700.0,1600.0
KHEKDA,20/11/2021,0.4,1400.0,1600.0,1500.0
KHEKDA,21/11/2021,0.4,1400.0,1600.0,1500.0
KHEKDA,22/11/2021,0.3,1500.0,1700.0,1600.0
KHEKDA,23/11/2021,0.4,1700.0,1900.0,1800.0
KHEKDA,24/11/2021,0.5,1500.0,1700.0,1600.0
KHEKDA,25/11/2021,0.4,1500.0,1700.0,1600.0
KHEKDA,26/11/2021,0.5,1700.0,1900.0,1800.0
KHEKDA,27/11/2021,0.5,1500.0,1700.0,1600.0
KHURJA,02/11/2021,26.0,1600.0,1700.0,1650.0
KHURJA,03/11/2021,25.0,1550.0,1650.0,1600.0
KHURJA,04/11/2021,20.0,1730.0,1830.0,1780.0
KHURJA,05/11/2021,18.0,1750.0,1850.0,1800.0
KHURJA,06/11/2021,20.0,1740.0,1840.0,1790.0
KHURJA,08/11/2021,19.0,1750.0,1850.0,1810.0
KHURJA,09/11/2021,22.0,1750.0,1880.0,1830.0
KHURJA,10/11/2021,23.0,1770.0,1870.0,1820.0
KHURJA,11/11/2021,20.0,1800.0,1900.0,1860.0
KHURJA,12/11/2021,19.0,1800.0,1900.0,1850.0
KHURJA,13/11/2021,24.0,1800.0,1900.0,1850.0
KHURJA,15/11/2021,26.0,1780.0,1880.0,1830.0
KHURJA,16/11/2021,24.0,1750.0,1850.0,1800.0
KHURJA,17/11/2021,27.0,1500.0,1700.0,1600.0
KHURJA,18/11/2021,38.0,1550.0,1650.0,1600.0
KHURJA,19/11/2021,35.0,1550.0,1660.0,1610.0
KHURJA,20/11/2021,36.0,1350.0,1450.0,1400.0
KHURJA,22/11/2021,35.0,1200.0,1550.0,1400.0
KHURJA,23/11/2021,40.0,1200.0,1450.0,1320.0
KHURJA,24/11/2021,54.0,1250.0,1350.0,1285.0
KHURJA,25/11/2021,52.5,1250.0,1350.0,1300.0
KHURJA,26/11/2021,50.0,1100.0,1300.0,1250.0
KHURJA,27/11/2021,40.0,1200.0,1280.0,1240.0
KHURJA,29/11/2021,38.0,1100.0,1200.0,1150.0
KHURJA,30/11/2021,36.0,1100.0,1180.0,1140.0
KONCH,01/11/2021,5.0,1150.0,1250.0,1200.0
KONCH,02/11/2021,8.5,1175.0,1275.0,1225.0
KONCH,06/11/2021,11.0,1200.0,1300.0,1250.0
KONCH,07/11/2021,5.5,1230.0,1320.0,1275.0
KONCH,08/11/2021,8.0,1225.0,1325.0,1275.0
KONCH,09/11/2021,7.0,1200.0,1300.0,1250.0
KONCH,11/11/2021,9.5,1200.0,1300.0,1250.0
KONCH,12/11/2021,8.0,1200.0,1300.0,1250.0
KONCH,13/11/2021,7.0,1200.0,1300.0,1250.0
KONCH,14/11/2021,9.5,1200.0,1300.0,1250.0
KONCH,15/11/2021,11.0,1200.0,1300.0,1250.0
KONCH,16/11/2021,8.0,1200.0,1300.0,1250.0
KONCH,18/11/2021,7.2,1200.0,1300.0,1250.0
KONCH,19/11/2021,7.5,1200.0,1300.0,1250.0
KONCH,20/11/2021,8.5,1200.0,1300.0,1250.0
KONCH,21/11/2021,6.0,1200.0,1300.0,1250.0
KONCH,22/11/2021,5.0,1200.0,1300.0,1250.0
KONCH,23/11/2021,7.5,1200.0,1300.0,1250.0
KONCH,25/11/2021,9.0,1200.0,1300.0,1250.0
KONCH,26/11/2021,7.5,1200.0,1300.0,1250.0
KONCH,27/11/2021,8.0,1200.0,1300.0,1250.0
KONCH,28/11/2021,6.5,1200.0,1300.0,1250.0
KONCH,29/11/2021,6.5,1200.0,1300.0,1250.0
KONCH,30/11/2021,8.0,1200.0,1300.0,1250.0
KOPAGANJ,12/11/2021,1775.0,1600.0,1700.0,1650.0
KOPAGANJ,26/11/2021,2200.0,1335.0,1435.0,1385.0
KOSIKALAN,01/11/2021,21.0,1400.0,1600.0,1500.0
KOSIKALAN,02/11/2021,24.5,1500.0,1650.0,1600.0
KOSIKALAN,03/11/2021,24.0,1500.0,1600.0,1550.0
KOSIKALAN,05/11/2021,24.5,1350.0,1450.0,1410.0
KOSIKALAN,06/11/2021,24.0,1340.0,1445.0,1400.0
KOSIKALAN,08/11/2021,23.5,1500.0,1565.0,1530.0
KOSIKALAN,09/11/2021,23.0,1450.0,1550.0,1500.0
KOSIKALAN,10/11/2021,24.0,1400.0,1490.0,1450.0
KOSIKALAN,11/11/2021,27.0,1300.0,1440.0,1400.0
KOSIKALAN,12/11/2021,24.0,1350.0,1500.0,1430.0
KOSIKALAN,13/11/2021,26.0,1300.0,1465.0,1420.0
KOSIKALAN,15/11/2021,19.0,1280.0,1400.0,1375.0
KOSIKALAN,16/11/2021,28.0,1000.0,1200.0,1100.0
KOSIKALAN,17/11/2021,24.0,1000.0,1100.0,1060.0
KOSIKALAN,18/11/2021,23.5,1000.0,1080.0,1040.0
KOSIKALAN,19/11/2021,24.0,1000.0,1070.0,1035.0
KOSIKALAN,20/11/2021,28.0,1100.0,1200.0,1170.0
KOSIKALAN,22/11/2021,20.0,1050.0,1190.0,1140.0
KOSIKALAN,23/11/2021,26.0,1000.0,1140.0,1100.0
KOSIKALAN,24/11/2021,21.5,1040.0,1185.0,1110.0
KOSIKALAN,25/11/2021,22.4,1180.0,1260.0,1240.0
KOSIKALAN,26/11/2021,17.5,1200.0,1300.0,1240.0
KOSIKALAN,27/11/2021,20.0,1180.0,1260.0,1200.0
KOSIKALAN,29/11/2021,21.5,1200.0,1260.0,1235.0
LAKHIMPUR,01/11/2021,200.0,1250.0,1330.0,1290.0
LAKHIMPUR,02/11/2021,190.0,1270.0,1320.0,1300.0
LAKHIMPUR,03/11/2021,180.0,1280.0,1330.0,1310.0
LAKHIMPUR,06/11/2021,100.0,1300.0,1380.0,1340.0
LAKHIMPUR,07/11/2021,120.0,1290.0,1370.0,1330.0
LAKHIMPUR,08/11/2021,160.0,1280.0,1350.0,1320.0
LAKHIMPUR,09/11/2021,185.0,1290.0,1390.0,1335.0
LAKHIMPUR,10/11/2021,190.0,1280.0,1360.0,1320.0
LAKHIMPUR,11/11/2021,180.0,1280.0,1380.0,1330.0
LAKHIMPUR,12/11/2021,185.0,1310.0,1390.0,1350.0
LAKHIMPUR,13/11/2021,180.0,1300.0,1450.0,1340.0
LAKHIMPUR,14/11/2021,35.0,1280.0,1380.0,1350.0
LAKHIMPUR,15/11/2021,200.0,1300.0,1450.0,1360.0
LAKHIMPUR,16/11/2021,240.0,1310.0,1390.0,1350.0
LAKHIMPUR,17/11/2021,255.0,1250.0,1420.0,1360.0
LAKHIMPUR,18/11/2021,270.0,1310.0,1390.0,1340.0
LAKHIMPUR,19/11/2021,200.0,1260.0,1350.0,1310.0
LAKHIMPUR,20/11/2021,260.0,1300.0,1400.0,1350.0
LAKHIMPUR,21/11/2021,120.0,1350.0,1420.0,1400.0
LAKHIMPUR,22/11/2021,260.0,1270.0,1360.0,1320.0
LAKHIMPUR,23/11/2021,270.0,1280.0,1350.0,1310.0
LAKHIMPUR,24/11/2021,280.0,1270.0,1330.0,1300.0
LAKHIMPUR,25/11/2021,300.0,1260.0,1320.0,1290.0
LAKHIMPUR,26/11/2021,320.0,1200.0,1300.0,1250.0
LAKHIMPUR,27/11/2021,350.0,1190.0,1270.0,1230.0
LAKHIMPUR,28/11/2021,160.0,1220.0,1300.0,1270.0
LAKHIMPUR,29/11/2021,320.0,1200.0,1300.0,1250.0
LAKHIMPUR,30/11/2021,330.0,1175.0,1275.0,1240.0
LALGANJ,01/11/2021,6.5,1300.0,1400.0,1350.0
LALGANJ,02/11/2021,6.5,1300.0,1400.0,1350.0
LALGANJ,03/11/2021,3.5,1300.0,1400.0,1350.0
LALGANJ,05/11/2021,1.8,1300.0,1400.0,1350.0
LALGANJ,06/11/2021,3.5,1300.0,1400.0,1350.0
LALGANJ,08/11/2021,3.0,1350.0,1450.0,1400.0
LALGANJ,09/11/2021,4.3,1350.0,1450.0,1400.0
LALGANJ,10/11/2021,4.5,1350.0,1450.0,1400.0
LALGANJ,11/11/2021,4.5,1350.0,1450.0,1400.0
LALGANJ,12/11/2021,5.5,1350.0,1450.0,1400.0
LALGANJ,13/11/2021,4.5,1300.0,1400.0,1350.0
LALGANJ,15/11/2021,4.5,1300.0,1400.0,1350.0
LALGANJ,16/11/2021,5.5,1300.0,1400.0,1350.0
LALGANJ,17/11/2021,7.5,1300.0,1400.0,1350.0
LALGANJ,18/11/2021,8.5,1300.0,1400.0,1350.0
LALGANJ,19/11/2021,5.0,1300.0,1400.0,1350.0
LALGANJ,20/11/2021,3.5,4000.0,4100.0,4050.0
LALGANJ,22/11/2021,6.0,1300.0,1400.0,1350.0
LALGANJ,23/11/2021,6.5,1250.0,1350.0,1300.0
LALGANJ,24/11/2021,7.0,1200.0,1300.0,1250.0
LALGANJ,25/11/2021,6.5,1150.0,1250.0,1200.0
LALGANJ,26/11/2021,7.5,1150.0,1250.0,1200.0
LALGANJ,27/11/2021,7.5,1100.0,1200.0,1150.0
LALGANJ,29/11/2021,7.0,1100.0,1200.0,1150.0
LALGANJ,30/11/2021,8.0,1100.0,1200.0,1150.0
LALITPUR,01/11/2021,15.0,1100.0,1180.0,1140.0
LALITPUR,02/11/2021,16.0,1100.0,1190.0,1150.0
LALITPUR,03/11/2021,16.5,1100.0,1175.0,1140.0
LALITPUR,05/11/2021,16.0,1120.0,1180.0,1150.0
LALITPUR,06/11/2021,15.0,1130.0,1190.0,1160.0
LALITPUR,08/11/2021,10.0,1200.0,1300.0,1250.0
LALITPUR,09/11/2021,12.0,1150.0,1220.0,1180.0
LALITPUR,10/11/2021,9.0,1250.0,1310.0,1280.0
LALITPUR,11/11/2021,8.0,1260.0,1320.0,1290.0
LALITPUR,12/11/2021,7.0,1270.0,1330.0,1300.0
LALITPUR,13/11/2021,6.0,1280.0,1350.0,1320.0
LALITPUR,14/11/2021,12.0,1270.0,1330.0,1300.0
LALITPUR,15/11/2021,12.0,1270.0,1330.0,1300.0
LALITPUR,16/11/2021,11.0,1270.0,1350.0,1310.0
LALITPUR,17/11/2021,10.0,1300.0,1350.0,1325.0
LALITPUR,18/11/2021,9.0,1320.0,1380.0,1350.0
LALITPUR,19/11/2021,10.0,1320.0,1380.0,1350.0
LALITPUR,20/11/2021,15.0,1330.0,1400.0,1360.0
LALITPUR,22/11/2021,18.0,1320.0,1380.0,1350.0
LALITPUR,23/11/2021,20.0,1300.0,1380.0,1340.0
LALITPUR,24/11/2021,25.0,1300.0,1375.0,1345.0
LALITPUR,25/11/2021,28.0,1300.0,1375.0,1340.0
LALITPUR,26/11/2021,30.0,1300.0,1400.0,1350.0
LALITPUR,27/11/2021,28.0,1300.0,1375.0,1340.0
LALITPUR,29/11/2021,25.0,1300.0,1400.0,1350.0
LALITPUR,30/11/2021,26.0,1300.0,1380.0,1340.0
LUCKNOW,01/11/2021,280.0,1200.0,1350.0,1260.0
LUCKNOW,02/11/2021,295.0,1200.0,1320.0,1260.0
LUCKNOW,03/11/2021,310.0,1250.0,1310.0,1300.0
LUCKNOW,06/11/2021,310.0,1250.0,1350.0,1300.0
LUCKNOW,07/11/2021,310.0,1200.0,1300.0,1250.0
LUCKNOW,08/11/2021,300.0,1200.0,1310.0,1250.0
LUCKNOW,09/11/2021,300.0,1200.0,1320.0,1260.0
LUCKNOW,10/11/2021,300.0,1200.0,1350.0,1300.0
LUCKNOW,11/11/2021,320.0,1300.0,1390.0,1350.0
LUCKNOW,12/11/2021,300.0,1320.0,1450.0,1380.0
LUCKNOW,13/11/2021,290.0,1350.0,1450.0,1400.0
LUCKNOW,14/11/2021,290.0,1380.0,1480.0,1420.0
LUCKNOW,15/11/2021,290.0,1350.0,1450.0,1420.0
LUCKNOW,16/11/2021,290.0,1360.0,1460.0,1425.0
LUCKNOW,17/11/2021,270.0,1350.0,1470.0,1420.0
LUCKNOW,18/11/2021,290.0,1320.0,1470.0,1420.0
LUCKNOW,19/11/2021,300.0,,,
LUCKNOW,20/11/2021,310.0,,,
LUCKNOW,21/11/2021,270.0,1350.0,1450.0,1400.0
LUCKNOW,22/11/2021,300.0,1350.0,1450.0,1400.0
LUCKNOW,23/11/2021,320.0,1340.0,1460.0,1400.0
LUCKNOW,24/11/2021,310.0,1300.0,1400.0,1350.0
LUCKNOW,25/11/2021,350.0,1300.0,1400.0,1350.0
LUCKNOW,26/11/2021,320.0,1300.0,1400.0,1350.0
LUCKNOW,27/11/2021,310.0,1310.0,1410.0,1350.0
LUCKNOW,28/11/2021,300.0,1300.0,1400.0,1350.0
LUCKNOW,29/11/2021,310.0,1300.0,1410.0,1350.0
MADHOGANJ,01/11/2021,9.5,1200.0,1300.0,1250.0
MADHOGANJ,02/11/2021,10.5,1250.0,1320.0,1295.0
MADHOGANJ,03/11/2021,14.5,1300.0,1350.0,1320.0
MADHOGANJ,04/11/2021,12.5,1250.0,1350.0,1300.0
MADHOGANJ,05/11/2021,10.5,1300.0,1400.0,1350.0
MADHOGANJ,07/11/2021,9.5,1280.0,1350.0,1310.0
MADHOGANJ,08/11/2021,8.5,1300.0,1350.0,1320.0
MADHOGANJ,09/11/2021,10.5,1290.0,1350.0,1315.0
MADHOGANJ,10/11/2021,12.5,1300.0,1350.0,1320.0
MADHOGANJ,11/11/2021,10.5,1300.0,1400.0,1350.0
MADHOGANJ,12/11/2021,11.0,1330.0,1375.0,1350.0
MADHOGANJ,14/11/2021,12.5,1300.0,1400.0,1345.0
MADHOGANJ,15/11/2021,16.5,1300.0,1400.0,1350.0
MADHOGANJ,16/11/2021,14.5,1300.0,1400.0,1345.0
MADHOGANJ,17/11/2021,12.5,1380.0,1450.0,1405.0
MADHOGANJ,18/11/2021,14.5,1370.0,1420.0,1400.0
MADHOGANJ,19/11/2021,16.0,1360.0,1420.0,1395.0
MADHOGANJ,21/11/2021,14.5,1350.0,1400.0,1375.0
MADHOGANJ,22/11/2021,12.5,1300.0,1400.0,1350.0
MADHOGANJ,23/11/2021,14.5,1350.0,1400.0,1370.0
MADHOGANJ,24/11/2021,16.0,1250.0,1350.0,1300.0
MADHOGANJ,25/11/2021,18.5,1250.0,1300.0,1275.0
MADHOGANJ,26/11/2021,21.0,1200.0,1300.0,1250.0
MADHOGANJ,28/11/2021,18.5,1180.0,1250.0,1205.0
MADHOGANJ,29/11/2021,21.0,1190.0,1250.0,1210.0
MADHOGANJ,30/11/2021,19.0,1150.0,1200.0,1175.0
MAHOBA,03/11/2021,52.6,1200.0,1295.0,1240.0
MAHOBA,06/11/2021,65.0,1200.0,1270.0,1240.0
MAHOBA,07/11/2021,59.2,1185.0,1260.0,1230.0
MAHOBA,08/11/2021,60.5,1200.0,1275.0,1240.0
MAHOBA,10/11/2021,64.0,1220.0,1290.0,1250.0
MAHOBA,11/11/2021,59.5,1220.0,1295.0,1260.0
MAHOBA,12/11/2021,56.4,1230.0,1300.0,1270.0
MAHOBA,13/11/2021,60.4,1240.0,1310.0,1275.0
MAHOBA,14/11/2021,59.2,1240.0,1310.0,1285.0
MAHOBA,15/11/2021,55.0,1260.0,1340.0,1290.0
MAHOBA,17/11/2021,61.5,1240.0,1330.0,1285.0
MAHOBA,18/11/2021,51.0,1310.0,1365.0,1335.0
MAHOBA,19/11/2021,58.0,1335.0,1400.0,1360.0
MAHOBA,20/11/2021,32.5,1365.0,1410.0,1385.0
MAHOBA,21/11/2021,61.0,1375.0,1435.0,1400.0
MAHOBA,22/11/2021,53.0,400.0,485.0,415.0
MAHOBA,24/11/2021,61.0,1380.0,1450.0,1410.0
MAHOBA,25/11/2021,58.5,1390.0,1450.0,1420.0
MAHOBA,26/11/2021,61.6,1340.0,1415.0,1390.0
MAHOBA,27/11/2021,65.0,1280.0,1360.0,1330.0
MAHOBA,29/11/2021,65.0,1220.0,1295.0,1260.0
MAIGALGANJ,01/11/2021,20.0,1200.0,1300.0,1250.0
MAIGALGANJ,02/11/2021,17.0,1200.0,1315.0,1260.0
MAIGALGANJ,03/11/2021,13.0,1200.0,1300.0,1270.0
MAIGALGANJ,06/11/2021,10.0,1200.0,1350.0,1280.0
MAIGALGANJ,09/11/2021,25.0,1250.0,1350.0,1300.0
MAIGALGANJ,10/11/2021,15.0,1200.0,1315.0,1260.0
MAIGALGANJ,11/11/2021,17.0,1200.0,1340.0,1270.0
MAIGALGANJ,12/11/2021,24.0,1200.0,1330.0,1280.0
MAIGALGANJ,13/11/2021,15.0,1250.0,1345.0,1300.0
MAIGALGANJ,15/11/2021,17.0,1200.0,1350.0,1300.0
MAIGALGANJ,16/11/2021,14.0,1250.0,1345.0,1300.0
MAIGALGANJ,17/11/2021,16.0,1200.0,1350.0,1270.0
MAIGALGANJ,18/11/2021,17.0,1200.0,1350.0,1280.0
MAIGALGANJ,19/11/2021,15.0,1200.0,1315.0,1260.0
MAIGALGANJ,20/11/2021,14.0,1200.0,1335.0,1270.0
MAIGALGANJ,22/11/2021,13.0,1200.0,1370.0,1300.0
MAIGALGANJ,23/11/2021,18.0,1200.0,1305.0,1250.0
MAIGALGANJ,24/11/2021,15.0,1200.0,1320.0,1250.0
MAIGALGANJ,25/11/2021,20.0,1100.0,1300.0,1190.0
MAIGALGANJ,26/11/2021,18.0,1100.0,1240.0,1170.0
MAIGALGANJ,27/11/2021,15.0,1100.0,1235.0,1170.0
MAIGALGANJ,29/11/2021,18.0,1140.0,1240.0,1180.0
MAIGALGANJ,30/11/2021,14.0,1150.0,1235.0,1200.0
MAINPURI,01/11/2021,70.0,1125.0,1315.0,1220.0
MAINPURI,02/11/2021,60.0,1140.0,1335.0,1245.0
MAINPURI,03/11/2021,65.0,1120.0,1320.0,1225.0
MAINPURI,04/11/2021,50.0,1100.0,1300.0,1200.0
MAINPURI,05/11/2021,40.0,1120.0,1315.0,1210.0
MAINPURI,06/11/2021,55.5,1100.0,1300.0,1215.0
MAINPURI,08/11/2021,68.0,1100.0,1300.0,1200.0
MAINPURI,09/11/2021,60.0,1150.0,1340.0,1260.0
MAINPURI,10/11/2021,70.0,1140.0,1345.0,1250.0
MAINPURI,11/11/2021,75.0,1150.0,1355.0,1260.0
MAINPURI,12/11/2021,80.0,1160.0,1350.0,1270.0
MAINPURI,13/11/2021,70.0,1250.0,1355.0,1300.0
MAINPURI,15/11/2021,76.0,1240.0,1425.0,1320.0
MAINPURI,16/11/2021,77.0,1100.0,1300.0,1200.0
MAINPURI,17/11/2021,76.0,1200.0,1400.0,1300.0
MAINPURI,18/11/2021,70.0,1180.0,1385.0,1290.0
MAINPURI,19/11/2021,60.0,1215.0,1430.0,1325.0
MAINPURI,20/11/2021,65.0,1240.0,1445.0,1350.0
MAINPURI,22/11/2021,68.0,1200.0,1400.0,1320.0
MAINPURI,23/11/2021,66.0,1225.0,1420.0,1340.0
MAINPURI,24/11/2021,69.0,1225.0,1415.0,1320.0
MAINPURI,25/11/2021,72.0,1200.0,1400.0,1300.0
MAINPURI,26/11/2021,70.0,1220.0,1415.0,1325.0
MAINPURI,27/11/2021,75.0,1200.0,1400.0,1320.0
MAINPURI,29/11/2021,78.0,1200.0,1400.0,1300.0
MAINPURI,30/11/2021,69.0,1220.0,1415.0,1325.0
MATHURA,01/11/2021,80.0,1180.0,1430.0,1310.0
MATHURA,02/11/2021,90.0,1100.0,1360.0,1280.0
MATHURA,03/11/2021,86.0,1100.0,1420.0,1310.0
MATHURA,05/11/2021,90.0,1100.0,1360.0,1280.0
MATHURA,06/11/2021,80.0,1100.0,1380.0,1260.0
MATHURA,08/11/2021,70.0,1110.0,1380.0,1250.0
MATHURA,09/11/2021,85.0,1120.0,1350.0,1280.0
MATHURA,10/11/2021,80.0,1100.0,1380.0,1260.0
MATHURA,11/11/2021,85.0,1150.0,1380.0,1290.0
MATHURA,12/11/2021,80.0,1100.0,1350.0,1250.0
MATHURA,13/11/2021,75.0,1100.0,1380.0,1260.0
MATHURA,15/11/2021,70.0,1120.0,1380.0,1270.0
MATHURA,16/11/2021,60.0,1180.0,1400.0,1300.0
MATHURA,17/11/2021,70.0,1160.0,1380.0,1290.0
MATHURA,18/11/2021,70.0,1160.0,1320.0,1250.0
MATHURA,19/11/2021,68.0,1150.0,1380.0,1300.0
MATHURA,20/11/2021,80.0,1160.0,1400.0,1300.0
MATHURA,22/11/2021,60.0,1100.0,1360.0,1280.0
MATHURA,23/11/2021,60.0,1160.0,1360.0,1280.0
MATHURA,24/11/2021,70.0,1080.0,1330.0,1250.0
MATHURA,25/11/2021,68.0,1050.0,1330.0,1240.0
MATHURA,26/11/2021,70.0,1050.0,1260.0,1180.0
MATHURA,27/11/2021,70.0,1000.0,1210.0,1100.0
MATHURA,29/11/2021,60.0,980.0,1210.0,1100.0
MATHURA,30/11/2021,50.0,1000.0,1200.0,1100.0
MAUDAHA,01/11/2021,15.0,1100.0,1225.0,1175.0
MAUDAHA,02/11/2021,14.0,1150.0,1300.0,1220.0
MAUDAHA,03/11/2021,15.0,1150.0,1300.0,1220.0
MAUDAHA,06/11/2021,13.0,1100.0,1250.0,1200.0
MAUDAHA,07/11/2021,14.0,1150.0,1300.0,1250.0
MAUDAHA,08/11/2021,16.0,1150.0,1300.0,1230.0
MAUDAHA,09/11/2021,17.0,1100.0,1300.0,1220.0
MAUDAHA,10/11/2021,16.0,1150.0,1300.0,1260.0
MAUDAHA,12/11/2021,20.0,1150.0,1300.0,1250.0
MAUDAHA,13/11/2021,22.0,1150.0,1300.0,1220.0
MAUDAHA,14/11/2021,20.0,1150.0,1300.0,1250.0
MAUDAHA,15/11/2021,15.0,1200.0,1350.0,1275.0
MAUDAHA,16/11/2021,17.5,1250.0,1450.0,1350.0
MAUDAHA,17/11/2021,15.0,1250.0,1400.0,1350.0
MAUDAHA,19/11/2021,20.0,1150.0,1325.0,1265.0
MAUDAHA,20/11/2021,22.5,1250.0,1425.0,1360.0
MAUDAHA,21/11/2021,23.0,1150.0,1300.0,1250.0
MAUDAHA,22/11/2021,22.0,1150.0,1300.0,1260.0
MAUDAHA,23/11/2021,20.0,1200.0,1350.0,1275.0
MAUDAHA,24/11/2021,21.0,1150.0,1300.0,1250.0
MAUDAHA,26/11/2021,20.0,1150.0,1325.0,1275.0
MAUDAHA,27/11/2021,19.0,1250.0,1400.0,1325.0
MAUDAHA,28/11/2021,20.0,1150.0,1350.0,1250.0
MAUDAHA,29/11/2021,19.0,1150.0,1300.0,1260.0
MAUDAHA,30/11/2021,20.0,1150.0,1300.0,1250.0
MAURANIPUR,01/11/2021,4.5,1080.0,1190.0,1125.0
MAURANIPUR,02/11/2021,6.0,1150.0,1545.0,1200.0
MAURANIPUR,03/11/2021,5.0,1150.0,1265.0,1200.0
MAURANIPUR,06/11/2021,4.0,1140.0,1245.0,1200.0
MAURANIPUR,07/11/2021,4.5,1150.0,1260.0,1200.0
MAURANIPUR,08/11/2021,5.0,1150.0,1245.0,1200.0
MAURANIPUR,09/11/2021,4.5,1150.0,1260.0,1200.0
MAURANIPUR,10/11/2021,6.0,1170.0,1265.0,1215.0
MAURANIPUR,11/11/2021,5.0,1150.0,1260.0,1200.0
MAURANIPUR,12/11/2021,4.0,1145.0,1250.0,1200.0
MAURANIPUR,13/11/2021,6.0,1150.0,1260.0,1200.0
MAURANIPUR,14/11/2021,5.0,1165.0,1240.0,1200.0
MAURANIPUR,15/11/2021,4.5,1150.0,1260.0,1200.0
MAURANIPUR,16/11/2021,6.0,1275.0,1355.0,1300.0
MAURANIPUR,17/11/2021,5.0,1240.0,1340.0,1300.0
MAURANIPUR,18/11/2021,4.5,1260.0,1360.0,1300.0
MAURANIPUR,19/11/2021,5.0,1250.0,1340.0,1300.0
MAURANIPUR,20/11/2021,4.5,1260.0,1365.0,1315.0
MAURANIPUR,21/11/2021,7.5,1260.0,1365.0,1315.0
MAURANIPUR,22/11/2021,6.0,1245.0,1365.0,1310.0
MAURANIPUR,23/11/2021,6.5,1265.0,1385.0,1315.0
MAURANIPUR,24/11/2021,6.0,1260.0,1380.0,1325.0
MAURANIPUR,25/11/2021,5.0,1275.0,1375.0,1320.0
MAURANIPUR,26/11/2021,6.5,1280.0,1385.0,1320.0
MAURANIPUR,27/11/2021,6.0,1250.0,1390.0,1320.0
MAURANIPUR,28/11/2021,5.0,1280.0,1385.0,1325.0
MAURANIPUR,29/11/2021,4.0,1260.0,1385.0,1325.0
MAURANIPUR,30/11/2021,5.0,1260.0,1385.0,1325.0
MAWANA,01/11/2021,18.0,1750.0,1850.0,1800.0
MAWANA,02/11/2021,17.0,1800.0,1900.0,1850.0
MAWANA,03/11/2021,20.0,1830.0,1930.0,1880.0
MAWANA,05/11/2021,30.0,1750.0,1850.0,1800.0
MAWANA,06/11/2021,28.0,1720.0,1840.0,1780.0
MAWANA,08/11/2021,30.0,1700.0,1800.0,1750.0
MAWANA,09/11/2021,28.0,1750.0,1850.0,1800.0
MAWANA,10/11/2021,27.0,1800.0,1900.0,1840.0
MAWANA,11/11/2021,25.0,1810.0,1910.0,1860.0
MAWANA,12/11/2021,25.0,1820.0,1920.0,1870.0
MAWANA,17/11/2021,26.5,1820.0,1920.0,1870.0
MAWANA,18/11/2021,28.0,1810.0,1900.0,1865.0
MAWANA,19/11/2021,33.0,1720.0,1850.0,1790.0
MAWANA,20/11/2021,32.0,1730.0,1830.0,1780.0
MAWANA,22/11/2021,35.0,1630.0,1730.0,1680.0
MAWANA,23/11/2021,40.0,1430.0,1530.0,1500.0
MAWANA,24/11/2021,35.0,1330.0,1430.0,1380.0
MAWANA,25/11/2021,40.0,1300.0,1400.0,1350.0
MAWANA,26/11/2021,35.0,1280.0,1380.0,1340.0
MAWANA,27/11/2021,40.0,1230.0,1330.0,1280.0
MAWANA,29/11/2021,40.0,1200.0,1300.0,1250.0
MAWANA,30/11/2021,35.0,1210.0,1310.0,1260.0
MEERUT,01/11/2021,95.0,1850.0,2000.0,1920.0
MEERUT,02/11/2021,97.0,1865.0,2000.0,1920.0
MEERUT,04/11/2021,95.0,1780.0,1920.0,1850.0
MEERUT,08/11/2021,105.0,1850.0,2000.0,1925.0
MEERUT,09/11/2021,93.0,1825.0,1950.0,1890.0
MEERUT,10/11/2021,110.0,1830.0,1950.0,1875.0
MEERUT,11/11/2021,98.5,1840.0,1950.0,1875.0
MEERUT,12/11/2021,120.0,1830.0,1945.0,1870.0
MEERUT,15/11/2021,105.0,1830.0,1950.0,1870.0
MEERUT,16/11/2021,97.0,1840.0,1950.0,1875.0
MEERUT,17/11/2021,93.0,1845.0,1950.0,1875.0
MEERUT,18/11/2021,110.0,1830.0,1920.0,1870.0
MEERUT,20/11/2021,105.0,1825.0,1920.0,1870.0
MEERUT,22/11/2021,122.0,1435.0,1565.0,1450.0
MEERUT,23/11/2021,140.0,1320.0,1450.0,1400.0
MEERUT,24/11/2021,150.0,1300.0,1425.0,1385.0
MEERUT,25/11/2021,120.0,1300.0,1420.0,1375.0
MEERUT,26/11/2021,150.0,1280.0,1400.0,1325.0
MEERUT,27/11/2021,130.0,1275.0,1400.0,1320.0
MEERUT,29/11/2021,125.0,1270.0,1400.0,1310.0
MEHMOODABAD,01/11/2021,6.2,1170.0,1260.0,1220.0
MEHMOODABAD,02/11/2021,6.5,1180.0,1280.0,1240.0
MEHMOODABAD,06/11/2021,6.5,1250.0,1360.0,1330.0
MEHMOODABAD,07/11/2021,6.5,1260.0,1370.0,1320.0
MEHMOODABAD,08/11/2021,6.1,1230.0,1320.0,1280.0
MEHMOODABAD,09/11/2021,6.2,1260.0,1330.0,1300.0
MEHMOODABAD,10/11/2021,6.1,1250.0,1330.0,1290.0
MEHMOODABAD,11/11/2021,6.2,1250.0,1320.0,1280.0
MEHMOODABAD,14/11/2021,6.2,1240.0,1320.0,1280.0
MEHMOODABAD,15/11/2021,6.3,1230.0,1320.0,1280.0
MEHMOODABAD,16/11/2021,6.2,,,
MEHMOODABAD,17/11/2021,6.3,1300.0,1360.0,1330.0
MEHMOODABAD,18/11/2021,6.1,1290.0,1360.0,1330.0
MEHMOODABAD,19/11/2021,5.5,1290.0,1350.0,1320.0
MEHMOODABAD,20/11/2021,5.6,1280.0,1360.0,1340.0
MEHMOODABAD,21/11/2021,5.7,1300.0,1400.0,1350.0
MEHMOODABAD,22/11/2021,5.9,1300.0,1410.0,1360.0
MEHMOODABAD,23/11/2021,5.8,1300.0,1420.0,1360.0
MEHMOODABAD,24/11/2021,5.7,1260.0,1330.0,1300.0
MEHMOODABAD,25/11/2021,5.6,1230.0,1300.0,1270.0
MEHMOODABAD,28/11/2021,5.7,1240.0,1310.0,1280.0
MIHIPURWA,02/11/2021,25.0,1200.0,1300.0,1250.0
MIHIPURWA,03/11/2021,25.0,1300.0,1400.0,1350.0
MIHIPURWA,06/11/2021,25.0,1150.0,1250.0,1200.0
MIHIPURWA,07/11/2021,20.0,1200.0,1250.0,1230.0
MIHIPURWA,08/11/2021,25.0,1150.0,1250.0,1200.0
MIHIPURWA,09/11/2021,20.0,1200.0,1250.0,1230.0
MIHIPURWA,10/11/2021,25.0,1200.0,1300.0,1250.0
MIHIPURWA,12/11/2021,25.0,1200.0,1300.0,1250.0
MIHIPURWA,13/11/2021,26.0,1200.0,1300.0,1250.0
MIHIPURWA,14/11/2021,25.0,1250.0,1350.0,1300.0
MIHIPURWA,15/11/2021,20.0,1250.0,1350.0,1300.0
MIHIPURWA,16/11/2021,8.0,1300.0,1400.0,1350.0
MIHIPURWA,17/11/2021,20.0,1300.0,1400.0,1350.0
MIHIPURWA,18/11/2021,25.0,1300.0,1350.0,1325.0
MIHIPURWA,19/11/2021,28.0,1200.0,1300.0,1250.0
MIHIPURWA,20/11/2021,20.0,1300.0,1400.0,1350.0
MIHIPURWA,21/11/2021,20.0,1300.0,1400.0,1350.0
MIHIPURWA,22/11/2021,28.0,1300.0,1400.0,1350.0
MIHIPURWA,23/11/2021,25.0,1300.0,1350.0,1325.0
MIHIPURWA,24/11/2021,20.0,1200.0,1300.0,1250.0
MIHIPURWA,25/11/2021,26.0,1250.0,1300.0,1275.0
MIHIPURWA,26/11/2021,20.0,1200.0,1300.0,1250.0
MIHIPURWA,27/11/2021,20.0,1250.0,1300.0,1275.0
MIHIPURWA,29/11/2021,20.0,1100.0,1200.0,1150.0
MIHIPURWA,30/11/2021,20.0,1100.0,1200.0,1150.0
MILAK,01/11/2021,16.0,1125.0,1230.0,1180.0
MILAK,02/11/2021,12.8,1145.0,1250.0,1200.0
MILAK,03/11/2021,13.5,1150.0,1255.0,1205.0
MILAK,04/11/2021,14.3,1155.0,1260.0,1210.0
MILAK,07/11/2021,13.0,1165.0,1270.0,1220.0
MILAK,08/11/2021,14.8,1170.0,1275.0,1225.0
MILAK,09/11/2021,10.0,1145.0,1250.0,1200.0
MILAK,10/11/2021,10.8,1150.0,1255.0,1205.0
MILAK,12/11/2021,14.0,1160.0,1265.0,1215.0
MILAK,14/11/2021,12.0,1155.0,1260.0,1210.0
MILAK,17/11/2021,14.2,1170.0,1275.0,1225.0
MILAK,18/11/2021,17.9,1175.0,1280.0,1230.0
MILAK,19/11/2021,18.3,1185.0,1290.0,1240.0
MILAK,20/11/2021,20.0,1195.0,1300.0,1250.0
MILAK,21/11/2021,21.5,1200.0,1305.0,1255.0
MILAK,22/11/2021,18.7,1205.0,1310.0,1260.0
MILAK,23/11/2021,20.0,1185.0,1290.0,1240.0
MILAK,24/11/2021,14.6,1190.0,1295.0,1245.0
MILAK,25/11/2021,21.0,1195.0,1300.0,1250.0
MILAK,26/11/2021,21.4,1200.0,1305.0,1255.0
MILAK,27/11/2021,18.7,1190.0,1295.0,1245.0
MILAK,28/11/2021,22.0,1205.0,1310.0,1260.0
MILAK,29/11/2021,23.5,1210.0,1315.0,1265.0
MILAK,30/11/2021,20.0,1195.0,1300.0,1250.0
MIRZAPUR,01/11/2021,100.0,1425.0,1525.0,1475.0
MIRZAPUR,02/11/2021,120.0,1425.0,1500.0,1475.0
MIRZAPUR,03/11/2021,100.0,1450.0,1550.0,1500.0
MIRZAPUR,06/11/2021,90.0,1700.0,1800.0,1745.0
MIRZAPUR,08/11/2021,100.0,1700.0,1809.0,1750.0
MIRZAPUR,09/11/2021,90.0,1700.0,1800.0,1745.0
MIRZAPUR,10/11/2021,85.0,1600.0,1800.0,1750.0
MIRZAPUR,11/11/2021,90.0,1750.0,1850.0,1800.0
MIRZAPUR,12/11/2021,85.0,1750.0,1850.0,1800.0
MIRZAPUR,13/11/2021,80.0,1575.0,1675.0,1615.0
MIRZAPUR,15/11/2021,75.0,1550.0,1650.0,1600.0
MIRZAPUR,16/11/2021,80.0,1600.0,1700.0,1650.0
MIRZAPUR,17/11/2021,75.0,1450.0,1575.0,1500.0
MIRZAPUR,18/11/2021,95.0,1400.0,1500.0,1445.0
MIRZAPUR,19/11/2021,100.0,1425.0,1500.0,1465.0
MIRZAPUR,20/11/2021,90.0,1450.0,1550.0,1500.0
MIRZAPUR,22/11/2021,75.0,1400.0,1500.0,1425.0
MIRZAPUR,23/11/2021,80.0,1345.0,1435.0,1375.0
MIRZAPUR,25/11/2021,65.0,1345.0,1465.0,1390.0
MIRZAPUR,26/11/2021,70.0,1200.0,1500.0,1400.0
MIRZAPUR,27/11/2021,65.0,1385.0,1500.0,1425.0
MIRZAPUR,29/11/2021,70.0,1200.0,1600.0,1315.0
MIRZAPUR,30/11/2021,95.0,1235.0,1345.0,1275.0
MOHAMADABAD,12/11/2021,750.0,1200.0,1400.0,1300.0
MOHAMADABAD,13/11/2021,30.0,1200.0,1400.0,1300.0
MOHAMADABAD,14/11/2021,35.0,1200.0,1400.0,1300.0
MOHAMADABAD,15/11/2021,40.0,1200.0,1400.0,1310.0
MOHAMADABAD,17/11/2021,12.0,1000.0,1300.0,1200.0
MOHAMADABAD,18/11/2021,13.0,1050.0,1300.0,1200.0
MOHAMADABAD,19/11/2021,18.0,1100.0,1300.0,1220.0
MOHAMADABAD,20/11/2021,15.0,1100.0,1300.0,1200.0
MOHAMADABAD,21/11/2021,10.0,1100.0,1300.0,1200.0
MOHAMADABAD,22/11/2021,20.0,1100.0,1300.0,1200.0
MOHAMADABAD,25/11/2021,420.0,1050.0,1250.0,1160.0
MOHAMADABAD,27/11/2021,20.0,1000.0,1250.0,1150.0
MOHAMADABAD,28/11/2021,22.0,1050.0,1250.0,1150.0
MOHAMADABAD,29/11/2021,18.0,1000.0,1200.0,1100.0
MOHAMADABAD,30/11/2021,15.0,1000.0,1200.0,1100.0
MOHAMMDI,01/11/2021,8.0,1200.0,1400.0,1300.0
MOHAMMDI,02/11/2021,8.8,1200.0,1400.0,1300.0
MOHAMMDI,03/11/2021,11.0,1220.0,1420.0,1320.0
MOHAMMDI,06/11/2021,12.0,1220.0,1420.0,1320.0
MOHAMMDI,08/11/2021,11.0,1210.0,1410.0,1310.0
MOHAMMDI,09/11/2021,10.8,1230.0,1430.0,1330.0
MOHAMMDI,10/11/2021,17.0,1225.0,1425.0,1325.0
MOHAMMDI,11/11/2021,18.0,1240.0,1440.0,1340.0
MOHAMMDI,12/11/2021,19.0,1245.0,1445.0,1345.0
MOHAMMDI,13/11/2021,19.0,1250.0,1450.0,1350.0
MOHAMMDI,15/11/2021,21.0,1255.0,1455.0,1355.0
MOHAMMDI,16/11/2021,31.0,1260.0,1460.0,1360.0
MOHAMMDI,17/11/2021,35.0,1255.0,1455.0,1355.0
MOHAMMDI,18/11/2021,34.0,1260.0,1460.0,1360.0
MOHAMMDI,19/11/2021,28.0,1245.0,1445.0,1345.0
MOHAMMDI,20/11/2021,38.0,1250.0,1450.0,1350.0
MOHAMMDI,22/11/2021,41.0,1275.0,1475.0,1375.0
MOHAMMDI,23/11/2021,45.0,1220.0,1420.0,1320.0
MOHAMMDI,24/11/2021,51.0,1210.0,1410.0,1310.0
MOHAMMDI,25/11/2021,54.0,1200.0,1400.0,1300.0
MOHAMMDI,26/11/2021,60.0,1160.0,1360.0,1260.0
MOHAMMDI,27/11/2021,48.0,1130.0,1330.0,1230.0
MOHAMMDI,29/11/2021,60.0,1160.0,1360.0,1260.0
MOHAMMDI,30/11/2021,64.0,1150.0,1350.0,1250.0
MOTH,01/11/2021,2.7,930.0,1065.0,1020.0
MOTH,02/11/2021,3.0,900.0,1065.0,1010.0
MOTH,06/11/2021,2.2,1260.0,1400.0,1350.0
MOTH,07/11/2021,1.8,1300.0,1450.0,1400.0
MOTH,08/11/2021,2.5,1275.0,1430.0,1380.0
MOTH,09/11/2021,2.8,1300.0,1465.0,1410.0
MOTH,10/11/2021,2.6,1300.0,1450.0,1400.0
MOTH,11/11/2021,2.7,1275.0,1425.0,1380.0
MOTH,12/11/2021,1.5,1300.0,1450.0,1390.0
MOTH,13/11/2021,2.8,1260.0,1400.0,1360.0
MOTH,14/11/2021,3.0,1250.0,1400.0,1350.0
MOTH,15/11/2021,5.0,1250.0,1420.0,1360.0
MOTH,16/11/2021,4.5,1235.0,1420.0,1350.0
MOTH,17/11/2021,4.8,1280.0,1430.0,1375.0
MOTH,18/11/2021,5.0,1270.0,1430.0,1380.0
MOTH,19/11/2021,5.5,1250.0,1450.0,1370.0
MOTH,20/11/2021,6.0,1250.0,1420.0,1360.0
MOTH,21/11/2021,5.4,1240.0,1405.0,1350.0
MOTH,22/11/2021,5.0,1250.0,1425.0,1360.0
MOTH,23/11/2021,4.8,1225.0,1370.0,1320.0
MOTH,24/11/2021,4.5,1200.0,1380.0,1310.0
MOTH,25/11/2021,5.0,1200.0,1375.0,1300.0
MOTH,26/11/2021,5.5,1200.0,1400.0,1320.0
MOTH,27/11/2021,4.6,1250.0,1400.0,1350.0
MOTH,28/11/2021,5.0,1230.0,1425.0,1340.0
MOTH,29/11/2021,5.2,1225.0,1390.0,1330.0
MOTH,30/11/2021,5.6,1220.0,1370.0,1315.0
MUGRABAADSHAHPUR,01/11/2021,40.0,950.0,1040.0,1000.0
MUGRABAADSHAHPUR,02/11/2021,15.0,750.0,840.0,800.0
MUGRABAADSHAHPUR,03/11/2021,21.7,950.0,1040.0,1000.0
MUGRABAADSHAHPUR,05/11/2021,23.5,1050.0,1140.0,1100.0
MUGRABAADSHAHPUR,06/11/2021,40.0,950.0,1040.0,1000.0
MUGRABAADSHAHPUR,08/11/2021,16.0,950.0,1040.0,1000.0
MUGRABAADSHAHPUR,09/11/2021,45.0,750.0,840.0,800.0
MUGRABAADSHAHPUR,10/11/2021,49.5,850.0,940.0,900.0
MUGRABAADSHAHPUR,11/11/2021,60.0,950.0,1040.0,1000.0
MUGRABAADSHAHPUR,12/11/2021,52.0,850.0,940.0,900.0
MUGRABAADSHAHPUR,13/11/2021,60.0,950.0,1040.0,1000.0
MUGRABAADSHAHPUR,14/11/2021,51.0,850.0,940.0,900.0
MUGRABAADSHAHPUR,15/11/2021,5.0,850.0,940.0,900.0
MUGRABAADSHAHPUR,16/11/2021,10.6,750.0,840.0,800.0
MUGRABAADSHAHPUR,17/11/2021,50.0,850.0,940.0,900.0
MUGRABAADSHAHPUR,18/11/2021,60.0,750.0,840.0,800.0
MUGRABAADSHAHPUR,19/11/2021,32.0,750.0,840.0,800.0
MUGRABAADSHAHPUR,20/11/2021,37.5,750.0,840.0,800.0
MUGRABAADSHAHPUR,21/11/2021,61.0,750.0,840.0,800.0
MUGRABAADSHAHPUR,22/11/2021,45.0,850.0,940.0,900.0
MUGRABAADSHAHPUR,23/11/2021,47.6,850.0,940.0,900.0
MUGRABAADSHAHPUR,24/11/2021,51.0,850.0,940.0,900.0
MUGRABAADSHAHPUR,25/11/2021,48.0,750.0,840.0,800.0
MUGRABAADSHAHPUR,26/11/2021,16.0,750.0,840.0,800.0
MUGRABAADSHAHPUR,27/11/2021,45.1,850.0,940.0,900.0
MUGRABAADSHAHPUR,28/11/2021,60.0,850.0,940.0,900.0
MUGRABAADSHAHPUR,29/11/2021,57.5,650.0,740.0,700.0
MUGRABAADSHAHPUR,30/11/2021,54.0,650.0,740.0,700.0
MURADABAD,01/11/2021,30.0,1180.0,1220.0,1200.0
MURADABAD,02/11/2021,35.0,1200.0,1240.0,1220.0
MURADABAD,06/11/2021,26.0,1240.0,1280.0,1260.0
MURADABAD,07/11/2021,24.0,1230.0,1270.0,1250.0
MURADABAD,08/11/2021,30.0,1260.0,1300.0,1280.0
MURADABAD,09/11/2021,35.0,1230.0,1270.0,1250.0
MURADABAD,10/11/2021,45.0,1250.0,1290.0,1270.0
MURADABAD,11/11/2021,40.0,1260.0,1300.0,1280.0
MURADABAD,12/11/2021,35.0,1300.0,1340.0,1320.0
MURADABAD,13/11/2021,48.0,1310.0,1350.0,1330.0
MURADABAD,14/11/2021,60.0,1310.0,1340.0,1325.0
MURADABAD,16/11/2021,65.0,1250.0,1290.0,1270.0
MURADABAD,17/11/2021,70.0,1260.0,1300.0,1280.0
MURADABAD,18/11/2021,75.0,1250.0,1290.0,1270.0
MURADABAD,19/11/2021,90.0,1250.0,1270.0,1260.0
MURADABAD,20/11/2021,80.0,1260.0,1280.0,1270.0
MURADABAD,21/11/2021,70.0,1230.0,1270.0,1250.0
MURADABAD,22/11/2021,85.0,1240.0,1280.0,1260.0
MURADABAD,23/11/2021,90.0,1250.0,1290.0,1270.0
MURADABAD,24/11/2021,120.0,1250.0,1290.0,1275.0
MURADABAD,25/11/2021,125.0,1230.0,1270.0,1250.0
MURADABAD,26/11/2021,120.0,1220.0,1260.0,1240.0
MURADABAD,27/11/2021,150.0,1250.0,1270.0,1260.0
MURADABAD,28/11/2021,140.0,1230.0,1270.0,1250.0
MURADABAD,29/11/2021,155.0,1220.0,1260.0,1240.0
MURADNAGAR,01/11/2021,11.0,1700.0,1900.0,1800.0
MURADNAGAR,02/11/2021,15.0,1700.0,1900.0,1800.0
MURADNAGAR,03/11/2021,10.0,1775.0,1920.0,1825.0
MURADNAGAR,05/11/2021,11.0,1700.0,1900.0,1800.0
MURADNAGAR,06/11/2021,12.0,1700.0,1900.0,1800.0
MURADNAGAR,07/11/2021,8.0,1700.0,1900.0,1800.0
MURADNAGAR,08/11/2021,8.0,1750.0,1950.0,1850.0
MURADNAGAR,09/11/2021,10.0,1750.0,1950.0,1850.0
MURADNAGAR,10/11/2021,10.0,1750.0,1950.0,1850.0
MURADNAGAR,12/11/2021,9.0,1750.0,1950.0,1860.0
MURADNAGAR,14/11/2021,9.0,1750.0,1950.0,1850.0
MURADNAGAR,22/11/2021,15.0,1250.0,1450.0,1350.0
MURADNAGAR,23/11/2021,1.5,1250.0,1450.0,1350.0
MURADNAGAR,26/11/2021,60.0,1200.0,1400.0,1300.0
MUSKARA,01/11/2021,4.8,1090.0,1250.0,1190.0
MUSKARA,02/11/2021,5.0,1080.0,1280.0,1200.0
MUSKARA,03/11/2021,5.5,1100.0,1260.0,1210.0
MUSKARA,04/11/2021,5.0,1100.0,1250.0,1200.0
MUSKARA,05/11/2021,4.8,1100.0,1250.0,1190.0
MUSKARA,06/11/2021,4.0,1100.0,1230.0,1185.0
MUSKARA,07/11/2021,4.5,1100.0,1300.0,1200.0
MUSKARA,08/11/2021,4.8,1180.0,1300.0,1210.0
MUSKARA,09/11/2021,5.0,1180.0,1300.0,1230.0
MUSKARA,10/11/2021,5.5,1190.0,1330.0,1250.0
MUSKARA,11/11/2021,5.4,1150.0,1340.0,1250.0
MUSKARA,12/11/2021,5.0,1160.0,1350.0,1250.0
MUSKARA,13/11/2021,4.0,1150.0,1350.0,1240.0
MUSKARA,14/11/2021,4.5,1160.0,1360.0,1260.0
MUSKARA,15/11/2021,4.8,1200.0,1380.0,1275.0
MUSKARA,16/11/2021,5.0,1200.0,1350.0,1280.0
MUSKARA,17/11/2021,4.0,1200.0,1400.0,1300.0
MUSKARA,18/11/2021,4.5,1230.0,1450.0,1350.0
MUSKARA,19/11/2021,4.8,1260.0,1450.0,1350.0
MUSKARA,20/11/2021,5.0,1250.0,1450.0,1360.0
MUSKARA,21/11/2021,4.8,1260.0,1450.0,1360.0
MUSKARA,22/11/2021,4.0,1200.0,1450.0,1350.0
MUSKARA,23/11/2021,5.0,1250.0,1460.0,1370.0
MUSKARA,24/11/2021,4.8,1200.0,1450.0,1350.0
MUSKARA,25/11/2021,4.2,1210.0,1450.0,1350.0
MUSKARA,26/11/2021,4.5,1250.0,1450.0,1360.0
MUSKARA,27/11/2021,4.0,1260.0,1450.0,1350.0
MUSKARA,28/11/2021,4.5,1250.0,1460.0,1350.0
MUSKARA,29/11/2021,4.0,1200.0,1400.0,1300.0
MUSKARA,30/11/2021,5.0,1180.0,1350.0,1260.0
MUZZAFARNAGAR,01/11/2021,30.0,1800.0,1950.0,1800.0
MUZZAFARNAGAR,02/11/2021,29.0,1800.0,1950.0,1825.0
MUZZAFARNAGAR,03/11/2021,30.0,1800.0,1950.0,1850.0
MUZZAFARNAGAR,04/11/2021,30.0,1750.0,1900.0,1800.0
MUZZAFARNAGAR,06/11/2021,30.0,1750.0,1900.0,1800.0
MUZZAFARNAGAR,07/11/2021,35.0,1750.0,1900.0,1800.0
MUZZAFARNAGAR,08/11/2021,28.0,1825.0,2000.0,1890.0
MUZZAFARNAGAR,09/11/2021,28.0,1850.0,2000.0,1890.0
MUZZAFARNAGAR,10/11/2021,27.0,1850.0,2000.0,1900.0
MUZZAFARNAGAR,11/11/2021,30.0,1800.0,1925.0,1865.0
MUZZAFARNAGAR,12/11/2021,29.0,1800.0,1950.0,1860.0
MUZZAFARNAGAR,13/11/2021,27.0,1820.0,1950.0,1870.0
MUZZAFARNAGAR,14/11/2021,26.0,1800.0,1920.0,1860.0
MUZZAFARNAGAR,15/11/2021,30.0,1800.0,1950.0,1870.0
MUZZAFARNAGAR,16/11/2021,30.0,1800.0,1950.0,1850.0
MUZZAFARNAGAR,17/11/2021,30.0,1650.0,1850.0,1750.0
MUZZAFARNAGAR,18/11/2021,32.0,1500.0,1700.0,1600.0
MUZZAFARNAGAR,19/11/2021,30.0,1400.0,1600.0,1500.0
MUZZAFARNAGAR,20/11/2021,34.0,1400.0,1575.0,1480.0
MUZZAFARNAGAR,21/11/2021,30.0,1400.0,1550.0,1480.0
MUZZAFARNAGAR,22/11/2021,34.0,1350.0,1550.0,1450.0
MUZZAFARNAGAR,23/11/2021,33.0,1350.0,1500.0,1420.0
MUZZAFARNAGAR,24/11/2021,33.0,1350.0,1450.0,1400.0
MUZZAFARNAGAR,25/11/2021,33.0,1300.0,1450.0,1350.0
MUZZAFARNAGAR,26/11/2021,35.0,1300.0,1400.0,1350.0
MUZZAFARNAGAR,27/11/2021,33.0,1250.0,1400.0,1320.0
MUZZAFARNAGAR,28/11/2021,27.0,1250.0,1385.0,1300.0
MUZZAFARNAGAR,29/11/2021,35.0,1250.0,1400.0,1310.0
NAANPARA,01/11/2021,10.0,1320.0,1385.0,1350.0
NAANPARA,02/11/2021,9.6,1350.0,1410.0,1375.0
NAANPARA,03/11/2021,9.0,1370.0,1430.0,1400.0
NAANPARA,05/11/2021,11.0,1400.0,1485.0,1450.0
NAANPARA,06/11/2021,10.0,1420.0,1480.0,1450.0
NAANPARA,08/11/2021,12.0,1270.0,1340.0,1300.0
NAANPARA,09/11/2021,9.8,1310.0,1380.0,1350.0
NAANPARA,11/11/2021,10.5,1320.0,1380.0,1350.0
NAANPARA,12/11/2021,10.0,1340.0,1400.0,1370.0
NAANPARA,13/11/2021,11.0,1370.0,1430.0,1400.0
NAANPARA,15/11/2021,9.6,1400.0,1460.0,1430.0
NAANPARA,16/11/2021,9.0,1420.0,1480.0,1450.0
NAANPARA,17/11/2021,8.6,1430.0,1490.0,1460.0
NAANPARA,18/11/2021,10.0,1420.0,1480.0,1450.0
NAANPARA,19/11/2021,10.5,1410.0,1480.0,1440.0
NAANPARA,20/11/2021,11.0,1410.0,1470.0,1440.0
NAANPARA,22/11/2021,11.6,1400.0,1460.0,1430.0
NAANPARA,23/11/2021,11.0,1370.0,1430.0,1400.0
NAANPARA,24/11/2021,12.0,1320.0,1380.0,1350.0
NAANPARA,25/11/2021,11.2,1320.0,1380.0,1350.0
NAANPARA,26/11/2021,12.0,1300.0,1360.0,1330.0
NAANPARA,27/11/2021,14.0,1240.0,1300.0,1270.0
NAANPARA,29/11/2021,15.0,1170.0,1240.0,1200.0
NAANPARA,30/11/2021,14.3,1180.0,1240.0,1210.0
NAJIBABAD,02/11/2021,19.0,1200.0,1250.0,1225.0
NAJIBABAD,03/11/2021,19.5,1150.0,1250.0,1200.0
NAJIBABAD,05/11/2021,20.0,1225.0,1325.0,1275.0
NAJIBABAD,06/11/2021,19.8,1230.0,1300.0,1265.0
NAJIBABAD,07/11/2021,19.5,1240.0,1300.0,1270.0
NAJIBABAD,08/11/2021,19.3,1225.0,1325.0,1275.0
NAJIBABAD,09/11/2021,19.0,1260.0,1300.0,1280.0
NAJIBABAD,10/11/2021,19.8,1240.0,1300.0,1270.0
NAJIBABAD,11/11/2021,20.0,1225.0,1325.0,1275.0
NAJIBABAD,15/11/2021,18.8,1260.0,1360.0,1310.0
NAJIBABAD,16/11/2021,19.5,1260.0,1320.0,1290.0
NAJIBABAD,17/11/2021,20.5,1250.0,1320.0,1285.0
NAJIBABAD,21/11/2021,21.5,1220.0,1320.0,1270.0
NAJIBABAD,22/11/2021,20.5,1240.0,1300.0,1270.0
NAJIBABAD,23/11/2021,20.5,1220.0,1300.0,1260.0
NAJIBABAD,24/11/2021,22.0,1240.0,1300.0,1270.0
NAJIBABAD,26/11/2021,21.0,1220.0,1300.0,1260.0
NAJIBABAD,27/11/2021,20.5,1200.0,1300.0,1250.0
NAJIBABAD,29/11/2021,20.8,1200.0,1300.0,1250.0
NAJIBABAD,30/11/2021,21.0,1220.0,1300.0,1260.0
NAUGARH,01/11/2021,0.5,1500.0,1530.0,1520.0
NAUGARH,02/11/2021,0.1,1440.0,1460.0,1450.0
NAUGARH,08/11/2021,0.5,1620.0,1640.0,1630.0
NAUGARH,09/11/2021,0.5,1610.0,1630.0,1620.0
NAUGARH,11/11/2021,0.8,1610.0,1630.0,1620.0
NAUGARH,12/11/2021,16.0,1530.0,1750.0,1650.0
NAUGARH,15/11/2021,0.3,1640.0,1665.0,1660.0
NAUGARH,16/11/2021,0.5,1540.0,1580.0,1550.0
NAUGARH,17/11/2021,0.6,1650.0,1675.0,1670.0
NAUGARH,18/11/2021,0.5,1570.0,1585.0,1580.0
NAUGARH,20/11/2021,0.5,1445.0,1460.0,1450.0
NAUGARH,22/11/2021,0.8,1430.0,1460.0,1450.0
NAUGARH,23/11/2021,0.5,1410.0,1430.0,1420.0
NAUGARH,24/11/2021,0.5,1340.0,1365.0,1350.0
NAUGARH,25/11/2021,0.5,1240.0,1260.0,1250.0
NAUGARH,26/11/2021,28.0,1210.0,1380.0,1300.0
NAUGARH,27/11/2021,0.5,1205.0,1220.0,1210.0
NAUGARH,29/11/2021,0.5,1235.0,1245.0,1240.0
NAUGARH,30/11/2021,0.3,1200.0,1220.0,1210.0
NAUTNAVA,04/11/2021,40.0,1750.0,1900.0,1850.0
NAUTNAVA,06/11/2021,5.0,1750.0,1950.0,1850.0
NAUTNAVA,12/11/2021,870.0,1580.0,1780.0,1680.0
NAUTNAVA,26/11/2021,1320.0,1150.0,1325.0,1225.0
NAWABGANJ,01/11/2021,9.0,,,
NAWABGANJ,02/11/2021,10.0,1190.0,1250.0,1220.0
NAWABGANJ,03/11/2021,9.5,1190.0,1270.0,1230.0
NAWABGANJ,04/11/2021,10.0,1180.0,1260.0,1220.0
NAWABGANJ,05/11/2021,11.0,1200.0,1300.0,1250.0
NAWABGANJ,06/11/2021,8.0,1220.0,1300.0,1260.0
NAWABGANJ,07/11/2021,10.0,1220.0,1280.0,1250.0
NAWABGANJ,08/11/2021,12.0,1200.0,1300.0,1250.0
NAWABGANJ,09/11/2021,11.2,1200.0,1300.0,1250.0
NAWABGANJ,10/11/2021,11.0,1200.0,1300.0,1250.0
NAWABGANJ,11/11/2021,12.0,1200.0,1280.0,1240.0
NAWABGANJ,12/11/2021,11.5,1200.0,1280.0,1240.0
NAWABGANJ,15/11/2021,11.5,1400.0,1460.0,1430.0
NAWABGANJ,16/11/2021,11.0,1400.0,1480.0,1440.0
NAWABGANJ,17/11/2021,12.0,1400.0,1500.0,1450.0
NAWABGANJ,18/11/2021,10.5,1400.0,1500.0,1450.0
NAWABGANJ,19/11/2021,11.5,1210.0,1290.0,1250.0
NAWABGANJ,20/11/2021,12.0,1400.0,1500.0,1450.0
NAWABGANJ,21/11/2021,11.0,1310.0,1380.0,1350.0
NAWABGANJ,22/11/2021,12.0,1330.0,1390.0,1360.0
NAWABGANJ,24/11/2021,1.2,1320.0,1380.0,1350.0
NAWABGANJ,25/11/2021,10.0,1320.0,1400.0,1360.0
NAWABGANJ,26/11/2021,13.0,1050.0,1150.0,1100.0
NAWABGANJ,27/11/2021,13.0,1100.0,1200.0,1150.0
NAWABGANJ,28/11/2021,12.0,1110.0,1170.0,1140.0
NAWABGANJ,29/11/2021,14.0,970.0,1030.0,1000.0
NOIDA,02/11/2021,80.0,1600.0,1900.0,1850.0
NOIDA,03/11/2021,100.0,1650.0,1920.0,1870.0
NOIDA,05/11/2021,70.0,1600.0,1970.0,1865.0
NOIDA,06/11/2021,105.0,1600.0,1900.0,1840.0
NOIDA,08/11/2021,100.0,1570.0,1900.0,1820.0
NOIDA,09/11/2021,120.0,1500.0,1870.0,1800.0
NOIDA,10/11/2021,100.0,1660.0,2000.0,1900.0
NOIDA,11/11/2021,115.0,1600.0,1975.0,1870.0
NOIDA,12/11/2021,100.0,1600.0,1900.0,1800.0
NOIDA,13/11/2021,100.0,1600.0,1900.0,1840.0
NOIDA,15/11/2021,110.0,1600.0,1900.0,1845.0
NOIDA,16/11/2021,100.0,1600.0,1925.0,1840.0
NOIDA,17/11/2021,105.0,1600.0,2000.0,1880.0
NOIDA,18/11/2021,100.0,1470.0,1700.0,1625.0
NOIDA,19/11/2021,100.0,1450.0,1850.0,1775.0
NOIDA,20/11/2021,100.0,1500.0,1850.0,1750.0
NOIDA,22/11/2021,105.0,1400.0,1785.0,1725.0
NOIDA,23/11/2021,110.0,1250.0,1500.0,1400.0
NOIDA,24/11/2021,120.0,1200.0,1475.0,1350.0
NOIDA,25/11/2021,100.0,1150.0,1400.0,1360.0
NOIDA,26/11/2021,105.0,1180.0,1400.0,1370.0
NOIDA,27/11/2021,120.0,1150.0,1425.0,1350.0
NOIDA,29/11/2021,110.0,1000.0,1300.0,1250.0
NOIDA,30/11/2021,100.0,1000.0,1300.0,1250.0
ORAI,01/11/2021,6.5,1050.0,1150.0,1100.0
ORAI,03/11/2021,5.5,1100.0,1250.0,1200.0
ORAI,04/11/2021,6.5,1100.0,1250.0,1200.0
ORAI,05/11/2021,4.5,1150.0,1250.0,1200.0
ORAI,06/11/2021,4.0,1150.0,1250.0,1200.0
ORAI,07/11/2021,5.0,1150.0,1250.0,1200.0
ORAI,08/11/2021,7.0,1150.0,1250.0,1200.0
ORAI,10/11/2021,6.2,1150.0,1250.0,1200.0
ORAI,11/11/2021,5.0,1150.0,1250.0,1200.0
ORAI,12/11/2021,6.0,1150.0,1250.0,1200.0
ORAI,14/11/2021,6.5,1100.0,1250.0,1200.0
ORAI,15/11/2021,8.5,1150.0,1300.0,1250.0
ORAI,17/11/2021,5.5,1150.0,1300.0,1250.0
ORAI,18/11/2021,4.0,1150.0,1300.0,1250.0
ORAI,20/11/2021,5.2,1150.0,1250.0,1200.0
ORAI,21/11/2021,5.5,1150.0,1250.0,1200.0
ORAI,22/11/2021,4.5,1150.0,1250.0,1200.0
ORAI,24/11/2021,5.0,1100.0,1250.0,1200.0
ORAI,25/11/2021,6.0,1100.0,1250.0,1200.0
ORAI,26/11/2021,4.8,1150.0,1300.0,1250.0
ORAI,27/11/2021,5.0,1150.0,1300.0,1250.0
ORAI,28/11/2021,6.0,1150.0,1300.0,1250.0
ORAI,29/11/2021,9.0,1150.0,1300.0,1250.0
PALIAKALA,01/11/2021,100.0,,,
PALIAKALA,02/11/2021,125.0,1300.0,1340.0,1320.0
PALIAKALA,03/11/2021,110.0,1310.0,1340.0,1325.0
PALIAKALA,06/11/2021,80.0,1310.0,1350.0,1330.0
PALIAKALA,08/11/2021,100.0,1320.0,1360.0,1340.0
PALIAKALA,09/11/2021,90.0,1310.0,1350.0,1330.0
PALIAKALA,10/11/2021,115.0,1320.0,1360.0,1340.0
PALIAKALA,11/11/2021,125.0,1330.0,1370.0,1350.0
PALIAKALA,12/11/2021,90.0,1350.0,1390.0,1370.0
PALIAKALA,13/11/2021,70.0,1330.0,1370.0,1350.0
PALIAKALA,15/11/2021,85.0,1350.0,1390.0,1370.0
PALIAKALA,16/11/2021,95.0,1350.0,1390.0,1370.0
PALIAKALA,17/11/2021,100.0,1360.0,1390.0,1375.0
PALIAKALA,18/11/2021,120.0,1340.0,1380.0,1360.0
PALIAKALA,19/11/2021,95.0,1310.0,1350.0,1330.0
PALIAKALA,20/11/2021,100.0,1350.0,1390.0,1370.0
PALIAKALA,22/11/2021,110.0,1370.0,1410.0,1390.0
PALIAKALA,23/11/2021,125.0,1310.0,1350.0,1330.0
PALIAKALA,24/11/2021,105.0,1300.0,1340.0,1320.0
PALIAKALA,25/11/2021,115.0,1280.0,1320.0,1300.0
PALIAKALA,26/11/2021,140.0,1250.0,1290.0,1270.0
PALIAKALA,27/11/2021,150.0,1230.0,1270.0,1250.0
PALIAKALA,29/11/2021,130.0,1240.0,1280.0,1260.0
PALIAKALA,30/11/2021,115.0,1240.0,1280.0,1260.0
PARIKSHITGARH,01/11/2021,1.0,,,
PARIKSHITGARH,09/11/2021,1.0,1350.0,1450.0,1400.0
PARIKSHITGARH,10/11/2021,1.0,1400.0,1500.0,1450.0
PARIKSHITGARH,11/11/2021,1.0,1400.0,1500.0,1450.0
PARIKSHITGARH,17/11/2021,5.0,1150.0,1250.0,1200.0
PARIKSHITGARH,20/11/2021,5.0,1350.0,1450.0,1400.0
PARIKSHITGARH,22/11/2021,5.0,1400.0,1500.0,1450.0
PARIKSHITGARH,23/11/2021,5.0,1300.0,1400.0,1350.0
PARIKSHITGARH,25/11/2021,5.0,1350.0,1450.0,1400.0
PARIKSHITGARH,27/11/2021,5.0,1350.0,1450.0,1400.0
PARIKSHITGARH,29/11/2021,5.0,1300.0,1400.0,1350.0
PARTAVAL,01/11/2021,35.0,1550.0,1750.0,1650.0
PARTAVAL,02/11/2021,40.0,2700.0,2900.0,2800.0
PARTAVAL,03/11/2021,30.0,1524.0,1725.0,1625.0
PARTAVAL,04/11/2021,40.0,1750.0,1950.0,1860.0
PARTAVAL,06/11/2021,20.0,1740.0,1940.0,1840.0
PARTAVAL,09/11/2021,40.0,1550.0,1750.0,1650.0
PARTAVAL,10/11/2021,45.0,1550.0,1750.0,1650.0
PARTAVAL,11/11/2021,40.0,1550.0,1750.0,1655.0
PARTAVAL,16/11/2021,45.0,1425.0,1625.0,1525.0
PARTAVAL,17/11/2021,25.0,1400.0,1600.0,1500.0
PARTAVAL,18/11/2021,30.0,1400.0,1600.0,1500.0
PARTAVAL,19/11/2021,50.0,1300.0,1500.0,1400.0
PARTAVAL,20/11/2021,10.0,1300.0,1500.0,1400.0
PARTAVAL,22/11/2021,0.6,3440.0,3640.0,3540.0
PARTAVAL,23/11/2021,35.0,1200.0,1400.0,1300.0
PARTAVAL,24/11/2021,20.0,1200.0,1400.0,1300.0
PARTAVAL,26/11/2021,45.0,1100.0,1300.0,1200.0
PARTAVAL,27/11/2021,40.0,1100.0,1300.0,1200.0
PARTAVAL,29/11/2021,40.0,1050.0,1300.0,1200.0
PARTAVAL,30/11/2021,40.0,1150.0,1350.0,1250.0
PAYAGPUR,02/11/2021,1.5,1200.0,1500.0,1400.0
PAYAGPUR,23/11/2021,1.6,900.0,1400.0,1100.0
PAYAGPUR,27/11/2021,1.9,700.0,900.0,800.0
PILIBHIT,02/11/2021,100.0,1160.0,1245.0,1200.0
PILIBHIT,04/11/2021,90.0,1160.0,1260.0,1210.0
PILIBHIT,05/11/2021,85.0,1160.0,1260.0,1215.0
PILIBHIT,06/11/2021,85.0,1180.0,1260.0,1220.0
PILIBHIT,07/11/2021,88.0,1170.0,1260.0,1215.0
PILIBHIT,08/11/2021,80.0,1170.0,1260.0,1215.0
PILIBHIT,09/11/2021,75.0,1170.0,1275.0,1220.0
PILIBHIT,10/11/2021,70.0,1200.0,1290.0,1245.0
PILIBHIT,11/11/2021,95.0,1200.0,1280.0,1240.0
PILIBHIT,12/11/2021,90.0,1250.0,1330.0,1290.0
PILIBHIT,13/11/2021,300.0,1280.0,1350.0,1310.0
PILIBHIT,14/11/2021,85.0,1250.0,1350.0,1300.0
PILIBHIT,15/11/2021,80.0,1240.0,1320.0,1280.0
PILIBHIT,16/11/2021,90.0,1245.0,1340.0,1290.0
PILIBHIT,17/11/2021,85.0,1230.0,1340.0,1285.0
PILIBHIT,18/11/2021,80.0,1250.0,1350.0,1300.0
PILIBHIT,19/11/2021,70.0,1240.0,1320.0,1280.0
PILIBHIT,20/11/2021,75.0,1250.0,1340.0,1290.0
PILIBHIT,21/11/2021,20.0,1250.0,1350.0,1300.0
PILIBHIT,22/11/2021,90.0,1240.0,1320.0,1280.0
PILIBHIT,23/11/2021,80.0,1220.0,1310.0,1270.0
PILIBHIT,24/11/2021,40.0,1255.0,1340.0,1300.0
PILIBHIT,25/11/2021,60.0,1210.0,1310.0,1260.0
PILIBHIT,26/11/2021,55.0,1240.0,1340.0,1290.0
PILIBHIT,27/11/2021,60.0,1210.0,1310.0,1260.0
PILIBHIT,28/11/2021,48.0,1215.0,1295.0,1255.0
PILIBHIT,29/11/2021,50.0,1200.0,1300.0,1250.0
PILIBHIT,30/11/2021,55.0,1210.0,1310.0,1260.0
PRATAPGARH,01/11/2021,15.0,,,
PRATAPGARH,02/11/2021,18.0,1350.0,1600.0,1400.0
PRATAPGARH,03/11/2021,20.0,1350.0,1500.0,1400.0
PRATAPGARH,04/11/2021,18.0,1350.0,1500.0,1410.0
PRATAPGARH,05/11/2021,15.0,1380.0,1500.0,1420.0
PRATAPGARH,06/11/2021,20.0,1350.0,1500.0,1400.0
PRATAPGARH,07/11/2021,17.0,1350.0,1550.0,1400.0
PRATAPGARH,08/11/2021,19.0,1350.0,1550.0,1420.0
PRATAPGARH,09/11/2021,20.0,1400.0,1600.0,1450.0
PRATAPGARH,10/11/2021,14.0,1460.0,1490.0,1480.0
PRATAPGARH,11/11/2021,12.0,1470.0,1525.0,1500.0
PRATAPGARH,12/11/2021,13.0,1500.0,1525.0,1510.0
PRATAPGARH,13/11/2021,15.0,1460.0,1520.0,1500.0
PRATAPGARH,14/11/2021,16.0,1455.0,1485.0,1470.0
PRATAPGARH,15/11/2021,18.0,1400.0,1600.0,1450.0
PRATAPGARH,16/11/2021,20.0,1350.0,1600.0,1435.0
PRATAPGARH,17/11/2021,18.0,1415.0,1445.0,1425.0
PRATAPGARH,18/11/2021,20.0,1400.0,1550.0,1430.0
PRATAPGARH,19/11/2021,19.0,1410.0,1450.0,1430.0
PRATAPGARH,20/11/2021,14.0,1415.0,1460.0,1430.0
PRATAPGARH,21/11/2021,18.5,1400.0,1450.0,1425.0
PRATAPGARH,22/11/2021,18.0,1410.0,1445.0,1425.0
PRATAPGARH,23/11/2021,17.5,1415.0,1450.0,1435.0
PRATAPGARH,24/11/2021,14.5,1415.0,1450.0,1435.0
PRATAPGARH,25/11/2021,20.0,1400.0,1550.0,1430.0
PRATAPGARH,26/11/2021,19.0,1400.0,1550.0,1430.0
PRATAPGARH,27/11/2021,18.5,1410.0,1440.0,1425.0
PRATAPGARH,28/11/2021,21.0,1400.0,1430.0,1410.0
PRATAPGARH,29/11/2021,21.0,1350.0,1500.0,1410.0
PRATAPGARH,30/11/2021,25.0,1350.0,1600.0,1400.0
PUKHRAYAN,02/11/2021,20.0,1250.0,1450.0,1350.0
PUKHRAYAN,03/11/2021,15.0,1250.0,1450.0,1350.0
PUKHRAYAN,04/11/2021,20.0,1250.0,1450.0,1360.0
PUKHRAYAN,06/11/2021,10.0,1300.0,1400.0,1370.0
PUKHRAYAN,07/11/2021,10.0,1300.0,1400.0,1370.0
PUKHRAYAN,09/11/2021,10.0,1260.0,1400.0,1360.0
PUKHRAYAN,10/11/2021,10.0,1300.0,1500.0,1400.0
PUKHRAYAN,11/11/2021,15.0,1400.0,1500.0,1450.0
PUKHRAYAN,12/11/2021,15.0,1400.0,1550.0,1470.0
PUKHRAYAN,13/11/2021,15.0,1400.0,1500.0,1475.0
PUKHRAYAN,14/11/2021,20.0,1400.0,1550.0,1480.0
PUKHRAYAN,16/11/2021,15.0,1360.0,1560.0,1460.0
PUKHRAYAN,17/11/2021,10.0,1400.0,1550.0,1480.0
PUKHRAYAN,18/11/2021,20.0,1400.0,1500.0,1470.0
PUKHRAYAN,19/11/2021,15.0,1400.0,1500.0,1460.0
PUKHRAYAN,20/11/2021,10.0,1400.0,1500.0,1450.0
PUKHRAYAN,21/11/2021,15.0,1400.0,1500.0,1450.0
PUKHRAYAN,23/11/2021,10.0,1300.0,1500.0,1400.0
PUKHRAYAN,24/11/2021,10.0,1200.0,1350.0,1290.0
PUKHRAYAN,25/11/2021,20.0,1200.0,1360.0,1260.0
PUKHRAYAN,26/11/2021,15.0,1150.0,1300.0,1220.0
PUKHRAYAN,27/11/2021,15.0,1150.0,1300.0,1230.0
PUKHRAYAN,28/11/2021,10.0,1200.0,1300.0,1240.0
PUKHRAYAN,30/11/2021,15.0,1200.0,1300.0,1250.0
PURANPUR,01/11/2021,50.0,1200.0,1250.0,1225.0
PURANPUR,02/11/2021,28.0,1200.0,1300.0,1240.0
PURANPUR,03/11/2021,35.6,1220.0,1290.0,1250.0
PURANPUR,04/11/2021,24.0,1270.0,1330.0,1300.0
PURANPUR,05/11/2021,11.2,1260.0,1340.0,1295.0
PURANPUR,06/11/2021,20.0,1210.0,1310.0,1260.0
PURANPUR,07/11/2021,20.4,1240.0,1300.0,1265.0
PURANPUR,08/11/2021,20.0,1220.0,1280.0,1250.0
PURANPUR,09/11/2021,21.5,1230.0,1300.0,1265.0
PURANPUR,25/11/2021,5.0,1200.0,1300.0,1250.0
PURANPUR,26/11/2021,51.5,1210.0,1300.0,1255.0
PURANPUR,27/11/2021,52.5,1200.0,1280.0,1240.0
PURANPUR,28/11/2021,50.0,1200.0,1285.0,1245.0
PURANPUR,29/11/2021,52.5,1225.0,1300.0,1265.0
PURWA,01/11/2021,3.0,1300.0,1400.0,1350.0
PURWA,02/11/2021,2.8,1325.0,1425.0,1375.0
PURWA,03/11/2021,3.5,1325.0,1425.0,1375.0
PURWA,04/11/2021,3.0,1330.0,1430.0,1380.0
PURWA,05/11/2021,2.7,1335.0,1435.0,1385.0
PURWA,06/11/2021,3.0,1335.0,1435.0,1385.0
PURWA,07/11/2021,2.6,1335.0,1435.0,1385.0
PURWA,08/11/2021,2.8,1280.0,1380.0,1330.0
PURWA,09/11/2021,3.5,1325.0,1425.0,1375.0
PURWA,10/11/2021,2.8,1335.0,1435.0,1385.0
PURWA,11/11/2021,3.5,1335.0,1435.0,1385.0
PURWA,12/11/2021,3.0,1350.0,1450.0,1400.0
PURWA,13/11/2021,2.6,1385.0,1485.0,1435.0
PURWA,14/11/2021,2.8,1380.0,1480.0,1430.0
PURWA,15/11/2021,3.2,1400.0,1500.0,1450.0
PURWA,16/11/2021,2.7,1415.0,1515.0,1465.0
PURWA,17/11/2021,3.0,1350.0,1450.0,1400.0
PURWA,18/11/2021,3.5,1335.0,1435.0,1385.0
PURWA,19/11/2021,3.0,1300.0,1400.0,1350.0
PURWA,20/11/2021,2.8,1250.0,1350.0,1300.0
PURWA,21/11/2021,2.7,1200.0,1300.0,1250.0
PURWA,22/11/2021,3.0,1200.0,1300.0,1250.0
PURWA,23/11/2021,4.5,1175.0,1275.0,1225.0
PURWA,24/11/2021,6.0,1175.0,1275.0,1225.0
PURWA,25/11/2021,6.5,1175.0,1275.0,1225.0
PURWA,26/11/2021,7.0,1125.0,1225.0,1175.0
PURWA,27/11/2021,3.5,1075.0,1175.0,1125.0
PURWA,28/11/2021,4.5,1050.0,1150.0,1100.0
PURWA,29/11/2021,3.0,1050.0,1150.0,1100.0
PURWA,30/11/2021,3.5,1000.0,1100.0,1050.0
PUWAHA,01/11/2021,32.5,1100.0,1300.0,1200.0
PUWAHA,02/11/2021,25.0,1115.0,1315.0,1215.0
PUWAHA,03/11/2021,20.0,1135.0,1335.0,1235.0
PUWAHA,04/11/2021,25.0,1135.0,1335.0,1235.0
PUWAHA,05/11/2021,20.0,1150.0,1350.0,1250.0
PUWAHA,06/11/2021,20.0,1150.0,1350.0,1250.0
PUWAHA,07/11/2021,25.0,1160.0,1360.0,1260.0
PUWAHA,08/11/2021,30.0,1160.0,1360.0,1260.0
PUWAHA,09/11/2021,20.0,1160.0,1360.0,1260.0
PUWAHA,10/11/2021,20.0,1150.0,1350.0,1250.0
PUWAHA,11/11/2021,25.0,1165.0,1365.0,1265.0
PUWAHA,12/11/2021,27.5,1190.0,1390.0,1290.0
PUWAHA,13/11/2021,20.0,1200.0,1400.0,1300.0
PUWAHA,14/11/2021,20.0,1200.0,1400.0,1300.0
PUWAHA,15/11/2021,20.0,1200.0,1400.0,1300.0
PUWAHA,16/11/2021,30.0,1200.0,1400.0,1300.0
PUWAHA,17/11/2021,25.0,1200.0,1400.0,1300.0
PUWAHA,18/11/2021,40.0,1175.0,1375.0,1275.0
PUWAHA,19/11/2021,25.0,1175.0,1375.0,1275.0
PUWAHA,20/11/2021,30.0,1175.0,1375.0,1275.0
PUWAHA,21/11/2021,25.0,1175.0,1375.0,1275.0
PUWAHA,22/11/2021,20.0,1175.0,1375.0,1275.0
PUWAHA,23/11/2021,30.0,1175.0,1375.0,1275.0
PUWAHA,24/11/2021,30.0,1170.0,1370.0,1270.0
PUWAHA,25/11/2021,25.0,1165.0,1365.0,1265.0
PUWAHA,26/11/2021,30.0,1160.0,1360.0,1260.0
PUWAHA,27/11/2021,25.0,1150.0,1350.0,1250.0
PUWAHA,28/11/2021,30.0,1150.0,1350.0,1250.0
PUWAHA,29/11/2021,40.0,1150.0,1350.0,1250.0
PUWAHA,30/11/2021,40.0,1145.0,1345.0,1245.0
RAATH,01/11/2021,11.5,1175.0,1225.0,1200.0
RAATH,02/11/2021,18.0,1150.0,1270.0,1200.0
RAATH,06/11/2021,13.0,1165.0,1250.0,1200.0
RAATH,07/11/2021,16.0,1190.0,1275.0,1220.0
RAATH,08/11/2021,18.0,1185.0,1290.0,1240.0
RAATH,09/11/2021,20.5,1185.0,1275.0,1225.0
RAATH,11/11/2021,16.8,1175.0,1255.0,1220.0
RAATH,12/11/2021,14.0,1200.0,1330.0,1250.0
RAATH,13/11/2021,17.0,1190.0,1285.0,1220.0
RAATH,14/11/2021,13.5,1200.0,1280.0,1245.0
RAATH,15/11/2021,16.0,1185.0,1300.0,1240.0
RAATH,16/11/2021,13.0,1200.0,1290.0,1250.0
RAATH,18/11/2021,17.0,1215.0,1300.0,1250.0
RAATH,19/11/2021,14.6,1200.0,1310.0,1265.0
RAATH,20/11/2021,16.5,1230.0,1325.0,1275.0
RAATH,21/11/2021,22.0,1240.0,1310.0,1275.0
RAATH,22/11/2021,18.0,1210.0,1300.0,1250.0
RAATH,23/11/2021,16.0,1215.0,1310.0,1250.0
RAATH,25/11/2021,15.5,1220.0,1305.0,1265.0
RAATH,26/11/2021,13.0,1270.0,1360.0,1315.0
RAATH,27/11/2021,18.0,1225.0,1330.0,1280.0
RAATH,28/11/2021,20.0,1210.0,1300.0,1265.0
RAATH,29/11/2021,24.5,1200.0,1300.0,1270.0
RAATH,30/11/2021,24.0,1250.0,1300.0,1275.0
RAIBAREILLY,01/11/2021,35.0,1300.0,1350.0,1325.0
RAIBAREILLY,02/11/2021,42.5,1330.0,1350.0,1335.0
RAIBAREILLY,06/11/2021,36.0,1380.0,1425.0,1400.0
RAIBAREILLY,08/11/2021,15.0,1390.0,1425.0,1410.0
RAIBAREILLY,09/11/2021,27.5,1380.0,1425.0,1400.0
RAIBAREILLY,10/11/2021,30.0,1375.0,1420.0,1410.0
RAIBAREILLY,11/11/2021,32.5,1380.0,1425.0,1400.0
RAIBAREILLY,12/11/2021,35.0,1380.0,1420.0,1400.0
RAIBAREILLY,13/11/2021,42.0,1380.0,1420.0,1400.0
RAIBAREILLY,15/11/2021,38.0,1380.0,1425.0,1420.0
RAIBAREILLY,16/11/2021,37.0,1420.0,1430.0,1425.0
RAIBAREILLY,17/11/2021,38.0,1400.0,1435.0,1430.0
RAIBAREILLY,18/11/2021,37.0,1350.0,1425.0,1400.0
RAIBAREILLY,19/11/2021,30.0,1350.0,1425.0,1400.0
RAIBAREILLY,20/11/2021,37.0,1380.0,1425.0,1400.0
RAIBAREILLY,22/11/2021,22.5,1375.0,1425.0,1400.0
RAIBAREILLY,23/11/2021,35.5,1360.0,1425.0,1400.0
RAIBAREILLY,24/11/2021,36.0,1275.0,1330.0,1300.0
RAIBAREILLY,25/11/2021,42.0,1250.0,1275.0,1260.0
RAIBAREILLY,26/11/2021,34.5,1230.0,1275.0,1250.0
RAIBAREILLY,27/11/2021,50.0,1180.0,1250.0,1200.0
RAIBAREILLY,28/11/2021,40.0,1150.0,1185.0,1180.0
RAIBAREILLY,29/11/2021,21.0,1160.0,1200.0,1180.0
RAIBAREILLY,30/11/2021,41.0,1160.0,1200.0,1175.0
RAMPUR,01/11/2021,45.0,1140.0,1175.0,1165.0
RAMPUR,02/11/2021,41.0,1165.0,1185.0,1180.0
RAMPUR,03/11/2021,50.0,1155.0,1185.0,1170.0
RAMPUR,05/11/2021,40.0,1170.0,1200.0,1180.0
RAMPUR,07/11/2021,44.0,1170.0,1185.0,1180.0
RAMPUR,08/11/2021,48.0,1170.0,1200.0,1185.0
RAMPUR,09/11/2021,42.0,1200.0,1240.0,1220.0
RAMPUR,10/11/2021,40.0,1220.0,1255.0,1240.0
RAMPUR,11/11/2021,38.0,1230.0,1250.0,1240.0
RAMPUR,12/11/2021,36.0,1270.0,1300.0,1280.0
RAMPUR,16/11/2021,32.0,1260.0,1310.0,1285.0
RAMPUR,17/11/2021,29.0,1275.0,1300.0,1285.0
RAMPUR,19/11/2021,30.0,1270.0,1310.0,1285.0
RAMPUR,20/11/2021,27.0,1270.0,1320.0,1285.0
RAMPUR,21/11/2021,29.0,1270.0,1310.0,1285.0
RAMPUR,22/11/2021,31.0,1270.0,1315.0,1285.0
RAMPUR,23/11/2021,30.0,1270.0,1310.0,1285.0
RAMPUR,24/11/2021,32.0,1260.0,1310.0,1280.0
RAMPUR,25/11/2021,30.0,1260.0,1305.0,1280.0
RAMPUR,26/11/2021,32.5,1250.0,1300.0,1270.0
RAMPUR,27/11/2021,32.0,1250.0,1300.0,1270.0
RAMPUR,28/11/2021,30.0,1250.0,1300.0,1270.0
RAMPUR,29/11/2021,38.0,1240.0,1285.0,1260.0
RAMPUR,30/11/2021,35.0,1240.0,1300.0,1260.0
RAMPURMANIHARAN,06/11/2021,1.2,1400.0,1465.0,1434.0
RAMPURMANIHARAN,07/11/2021,1.2,1400.0,1450.0,1421.0
RAMPURMANIHARAN,08/11/2021,1.4,1400.0,1455.0,1421.0
RAMPURMANIHARAN,09/11/2021,0.8,1400.0,1450.0,1421.0
RAMPURMANIHARAN,10/11/2021,1.2,1400.0,1451.0,1421.0
RAMPURMANIHARAN,11/11/2021,0.4,1500.0,1585.0,1542.0
RAMPURMANIHARAN,12/11/2021,0.7,1400.0,1450.0,1421.0
RAMPURMANIHARAN,13/11/2021,0.8,1400.0,1455.0,1421.0
RAMPURMANIHARAN,14/11/2021,0.7,1400.0,1450.0,1431.0
RAMPURMANIHARAN,15/11/2021,0.8,1400.0,1440.0,1421.0
RAMPURMANIHARAN,17/11/2021,0.8,1500.0,1565.0,1524.0
RAMPURMANIHARAN,22/11/2021,2.0,1500.0,1565.0,1521.0
RAMPURMANIHARAN,23/11/2021,0.5,1500.0,1565.0,1524.0
RAMPURMANIHARAN,25/11/2021,0.8,1500.0,1550.0,1521.0
RAMPURMANIHARAN,26/11/2021,0.4,1500.0,1580.0,1521.0
RASDA,02/11/2021,56.0,1350.0,1520.0,1440.0
RASDA,03/11/2021,54.0,1550.0,1700.0,1620.0
RASDA,06/11/2021,53.0,1600.0,1750.0,1680.0
RASDA,08/11/2021,52.0,1680.0,1830.0,1740.0
RASDA,09/11/2021,55.0,1680.0,1830.0,1750.0
RASDA,10/11/2021,54.0,1700.0,1850.0,1780.0
RASDA,11/11/2021,53.0,1680.0,1830.0,1760.0
RASDA,12/11/2021,58.0,1680.0,1840.0,1750.0
RASDA,13/11/2021,57.0,1550.0,1720.0,1640.0
RASDA,15/11/2021,56.0,1600.0,1750.0,1670.0
RASDA,16/11/2021,58.0,1520.0,1670.0,1600.0
RASDA,17/11/2021,59.0,1500.0,1640.0,1580.0
RASDA,18/11/2021,60.0,1380.0,1530.0,1450.0
RASDA,20/11/2021,65.0,1350.0,1500.0,1430.0
RASDA,22/11/2021,68.0,1350.0,1500.0,1420.0
RASDA,23/11/2021,70.0,1320.0,1470.0,1400.0
RASDA,24/11/2021,65.0,1280.0,1430.0,1360.0
RASDA,25/11/2021,64.0,1300.0,1450.0,1370.0
RASDA,26/11/2021,68.0,1280.0,1430.0,1350.0
RASDA,27/11/2021,69.0,1220.0,1370.0,1300.0
RISIA,01/11/2021,0.2,1040.0,1100.0,1080.0
RISIA,02/11/2021,0.2,1040.0,1100.0,1080.0
RISIA,03/11/2021,0.2,1040.0,1100.0,1080.0
RISIA,08/11/2021,0.2,1040.0,1100.0,1080.0
RISIA,09/11/2021,0.1,1040.0,1100.0,1080.0
RISIA,10/11/2021,0.2,1310.0,1350.0,1340.0
RISIA,11/11/2021,0.2,1310.0,1340.0,1320.0
RISIA,13/11/2021,0.2,1510.0,1550.0,1520.0
RISIA,14/11/2021,0.2,1310.0,1350.0,1320.0
RISIA,15/11/2021,0.2,1310.0,1340.0,1320.0
RISIA,16/11/2021,0.2,1310.0,1340.0,1320.0
RISIA,17/11/2021,0.2,1310.0,1390.0,1360.0
RISIA,18/11/2021,0.2,1410.0,1450.0,1420.0
RISIA,19/11/2021,0.2,1310.0,1350.0,1320.0
RISIA,20/11/2021,0.2,1110.0,1150.0,1120.0
RISIA,21/11/2021,0.2,1350.0,1400.0,1370.0
RISIA,22/11/2021,0.2,1340.0,1380.0,1350.0
RISIA,23/11/2021,0.2,1310.0,1340.0,1320.0
RISIA,24/11/2021,0.2,1310.0,1340.0,1320.0
RISIA,25/11/2021,0.2,1310.0,1350.0,1320.0
RISIA,27/11/2021,0.2,1310.0,1340.0,1320.0
RISIA,28/11/2021,0.2,1210.0,1240.0,1220.0
RISIA,29/11/2021,0.2,1130.0,1200.0,1170.0
RISIA,30/11/2021,0.2,1120.0,1200.0,1140.0
ROBERTSGANJ,01/11/2021,235.0,1330.0,1565.0,1450.0
ROBERTSGANJ,02/11/2021,195.0,1350.0,1585.0,1465.0
ROBERTSGANJ,05/11/2021,113.0,1610.0,1800.0,1725.0
ROBERTSGANJ,06/11/2021,120.0,1610.0,1840.0,1730.0
ROBERTSGANJ,07/11/2021,131.0,1630.0,1815.0,1750.0
ROBERTSGANJ,08/11/2021,140.0,1630.0,1825.0,1760.0
ROBERTSGANJ,09/11/2021,133.0,1635.0,1840.0,1750.0
ROBERTSGANJ,11/11/2021,96.5,1650.0,1875.0,1770.0
ROBERTSGANJ,12/11/2021,115.0,1700.0,1880.0,1800.0
ROBERTSGANJ,13/11/2021,118.0,1610.0,1800.0,1700.0
ROBERTSGANJ,14/11/2021,103.0,1530.0,1765.0,1650.0
ROBERTSGANJ,15/11/2021,125.0,1510.0,1730.0,1600.0
ROBERTSGANJ,16/11/2021,212.0,1450.0,1660.0,1570.0
ROBERTSGANJ,18/11/2021,173.0,1425.0,1600.0,1500.0
ROBERTSGANJ,19/11/2021,241.5,1360.0,1540.0,1475.0
ROBERTSGANJ,20/11/2021,220.0,1275.0,1480.0,1390.0
ROBERTSGANJ,21/11/2021,211.5,2410.0,2640.0,2520.0
ROBERTSGANJ,22/11/2021,231.5,1330.0,1500.0,1410.0
ROBERTSGANJ,23/11/2021,196.0,1275.0,1460.0,1390.0
ROBERTSGANJ,25/11/2021,221.5,1260.0,1465.0,1375.0
ROBERTSGANJ,26/11/2021,197.5,1280.0,1450.0,1360.0
ROBERTSGANJ,27/11/2021,211.0,1230.0,1425.0,1350.0
ROBERTSGANJ,28/11/2021,180.0,1230.0,1475.0,1360.0
ROBERTSGANJ,29/11/2021,225.0,1225.0,1410.0,1345.0
ROBERTSGANJ,30/11/2021,231.5,1150.0,1375.0,1280.0
RUDAULI,01/11/2021,4.3,1200.0,1250.0,1220.0
RUDAULI,02/11/2021,4.0,1200.0,1300.0,1250.0
RUDAULI,03/11/2021,4.6,1210.0,1300.0,1260.0
RUDAULI,05/11/2021,4.4,1210.0,1310.0,1265.0
RUDAULI,06/11/2021,4.8,1200.0,1300.0,1250.0
RUDAULI,08/11/2021,5.1,1220.0,1300.0,1270.0
RUDAULI,09/11/2021,5.4,1210.0,1310.0,1260.0
RUDAULI,10/11/2021,4.8,1210.0,1320.0,1270.0
RUDAULI,11/11/2021,5.4,1300.0,1400.0,1350.0
RUDAULI,12/11/2021,4.5,1440.0,1520.0,1480.0
RUDAULI,13/11/2021,5.0,1400.0,1600.0,1500.0
RUDAULI,15/11/2021,4.7,1480.0,1560.0,1520.0
RUDAULI,16/11/2021,4.5,1400.0,1600.0,1500.0
RUDAULI,17/11/2021,5.0,1480.0,1580.0,1520.0
RUDAULI,18/11/2021,4.2,1500.0,1560.0,1525.0
RUDAULI,19/11/2021,4.8,1500.0,1560.0,1530.0
RUDAULI,20/11/2021,5.0,1500.0,1560.0,1530.0
RUDAULI,22/11/2021,0.4,1500.0,1580.0,1530.0
RUDAULI,23/11/2021,1.2,1290.0,1320.0,1305.0
RUDAULI,24/11/2021,1.7,1180.0,1250.0,1200.0
RUDAULI,25/11/2021,1.8,1150.0,1200.0,1190.0
RUDAULI,26/11/2021,1.8,1190.0,1250.0,1220.0
RUDAULI,27/11/2021,1.9,1150.0,1220.0,1200.0
RUDAULI,29/11/2021,14.0,1100.0,1300.0,1200.0
RUDAULI,30/11/2021,13.5,1100.0,1160.0,1130.0
RURA,01/11/2021,7.0,1100.0,1400.0,1200.0
RURA,02/11/2021,7.5,1100.0,1400.0,1200.0
RURA,03/11/2021,7.0,1100.0,1400.0,1200.0
RURA,04/11/2021,7.0,1100.0,1400.0,1200.0
RURA,05/11/2021,7.0,1100.0,1400.0,1200.0
RURA,06/11/2021,7.0,1100.0,1400.0,1200.0
RURA,08/11/2021,7.5,1100.0,1400.0,1200.0
RURA,09/11/2021,7.0,1100.0,1400.0,1200.0
RURA,10/11/2021,7.5,1100.0,1400.0,1200.0
RURA,11/11/2021,6.0,1100.0,1400.0,1200.0
RURA,12/11/2021,7.0,1100.0,1400.0,1200.0
RURA,13/11/2021,7.5,1100.0,1400.0,1200.0
RURA,15/11/2021,7.5,1100.0,1400.0,1200.0
RURA,16/11/2021,7.0,1100.0,1400.0,1200.0
RURA,17/11/2021,7.0,1100.0,1400.0,1200.0
RURA,18/11/2021,7.0,1100.0,1400.0,1200.0
RURA,20/11/2021,7.0,1100.0,1400.0,1200.0
RURA,22/11/2021,7.0,1100.0,1300.0,1200.0
RURA,23/11/2021,7.0,1100.0,1400.0,1200.0
RURA,24/11/2021,7.5,1100.0,1400.0,1200.0
RURA,25/11/2021,7.0,1100.0,1400.0,1200.0
RURA,26/11/2021,7.0,1200.0,1600.0,1400.0
RURA,27/11/2021,7.0,1100.0,1400.0,1200.0
RURA,29/11/2021,7.5,1100.0,1400.0,1200.0
RURA,30/11/2021,7.0,1100.0,1400.0,1200.0
SAFDARGANJ,01/11/2021,0.5,1200.0,1250.0,1225.0
SAFDARGANJ,02/11/2021,0.6,1200.0,1240.0,1220.0
SAFDARGANJ,03/11/2021,0.5,1200.0,1300.0,1250.0
SAFDARGANJ,06/11/2021,0.6,1200.0,1300.0,1250.0
SAFDARGANJ,08/11/2021,0.5,1200.0,1300.0,1250.0
SAFDARGANJ,09/11/2021,0.6,1200.0,1300.0,1250.0
SAFDARGANJ,10/11/2021,0.6,1200.0,1300.0,1250.0
SAFDARGANJ,11/11/2021,0.6,1250.0,1350.0,1300.0
SAFDARGANJ,12/11/2021,0.6,1350.0,1450.0,1400.0
SAFDARGANJ,18/11/2021,0.6,1500.0,1600.0,1550.0
SAFDARGANJ,19/11/2021,0.5,1500.0,1600.0,1550.0
SAFDARGANJ,20/11/2021,0.5,1500.0,1550.0,1530.0
SAFDARGANJ,22/11/2021,0.5,1500.0,1550.0,1530.0
SAFDARGANJ,23/11/2021,0.5,1250.0,1350.0,1300.0
SAFDARGANJ,24/11/2021,0.5,1200.0,1300.0,1250.0
SAFDARGANJ,25/11/2021,0.6,1150.0,1250.0,1200.0
SAFDARGANJ,26/11/2021,0.5,1100.0,1200.0,1150.0
SAFDARGANJ,27/11/2021,0.6,1100.0,1200.0,1150.0
SAFDARGANJ,29/11/2021,0.6,1150.0,1250.0,1200.0
SAFDARGANJ,30/11/2021,0.6,1100.0,1150.0,1130.0
SAHARANPUR,01/11/2021,95.0,1600.0,1800.0,1700.0
SAHARANPUR,02/11/2021,105.0,1630.0,1810.0,1720.0
SAHARANPUR,03/11/2021,116.0,1620.0,1840.0,1730.0
SAHARANPUR,04/11/2021,124.0,1620.0,1840.0,1725.0
SAHARANPUR,06/11/2021,110.0,1615.0,1840.0,1730.0
SAHARANPUR,07/11/2021,96.0,1640.0,1850.0,1750.0
SAHARANPUR,08/11/2021,85.0,1650.0,1850.0,1750.0
SAHARANPUR,09/11/2021,84.0,1640.0,1885.0,1760.0
SAHARANPUR,10/11/2021,75.0,1740.0,1960.0,1850.0
SAHARANPUR,11/11/2021,72.0,1750.0,1985.0,1870.0
SAHARANPUR,12/11/2021,67.0,1760.0,1985.0,1870.0
SAHARANPUR,13/11/2021,72.0,1770.0,1985.0,1875.0
SAHARANPUR,14/11/2021,68.0,1760.0,1985.0,1875.0
SAHARANPUR,16/11/2021,70.0,1750.0,1975.0,1860.0
SAHARANPUR,17/11/2021,62.0,1740.0,1965.0,1850.0
SAHARANPUR,18/11/2021,78.0,1640.0,1860.0,1750.0
SAHARANPUR,19/11/2021,86.0,1535.0,1760.0,1650.0
SAHARANPUR,20/11/2021,80.0,1480.0,1720.0,1600.0
SAHARANPUR,21/11/2021,75.0,1385.0,1620.0,1500.0
SAHARANPUR,22/11/2021,82.0,1365.0,1600.0,1480.0
SAHARANPUR,23/11/2021,85.0,1350.0,1560.0,1450.0
SAHARANPUR,24/11/2021,77.0,1300.0,1535.0,1420.0
SAHARANPUR,25/11/2021,68.0,1300.0,1500.0,1400.0
SAHARANPUR,26/11/2021,80.0,1220.0,1470.0,1350.0
SAHARANPUR,27/11/2021,83.0,1220.0,1480.0,1350.0
SAHARANPUR,28/11/2021,95.0,1200.0,1440.0,1320.0
SAHARANPUR,29/11/2021,90.0,1180.0,1425.0,1300.0
SAHIYAPUR,18/11/2021,31.5,1450.0,1550.0,1500.0
SAHIYAPUR,26/11/2021,83.0,1190.0,1290.0,1240.0
SAIDPUR,30/11/2021,1600.0,1230.0,1270.0,1250.0
SALON,02/11/2021,5.0,1500.0,1525.0,1520.0
SALON,09/11/2021,5.0,1300.0,1325.0,1320.0
SALON,10/11/2021,5.0,1300.0,1350.0,1325.0
SALON,11/11/2021,8.0,1200.0,1300.0,1250.0
SALON,12/11/2021,5.0,1200.0,1210.0,1210.0
SALON,15/11/2021,7.0,1100.0,1160.0,1150.0
SALON,16/11/2021,6.0,1200.0,1225.0,1220.0
SALON,17/11/2021,8.0,1200.0,1225.0,1220.0
SALON,18/11/2021,8.0,1200.0,1220.0,1210.0
SALON,22/11/2021,5.0,1200.0,1215.0,1210.0
SALON,23/11/2021,6.0,1000.0,1100.0,1020.0
SALON,25/11/2021,3.0,1000.0,1100.0,1050.0
SALON,27/11/2021,5.0,1000.0,1050.0,1020.0
SALON,29/11/2021,4.0,1100.0,1125.0,1120.0
SALON,30/11/2021,5.0,1100.0,1125.0,1120.0
SAMBHAL,01/11/2021,2.7,1000.0,1300.0,1250.0
SAMBHAL,02/11/2021,3.0,1000.0,1300.0,1050.0
SAMBHAL,03/11/2021,3.0,1000.0,1300.0,1250.0
SAMBHAL,04/11/2021,3.0,950.0,1150.0,1000.0
SAMBHAL,05/11/2021,1.4,750.0,1250.0,900.0
SAMBHAL,06/11/2021,2.5,1000.0,1150.0,1050.0
SAMBHAL,07/11/2021,3.5,1000.0,1320.0,1250.0
SAMBHAL,08/11/2021,2.5,750.0,1050.0,800.0
SAMBHAL,09/11/2021,2.5,1000.0,1250.0,1200.0
SAMBHAL,10/11/2021,1.5,800.0,1050.0,950.0
SAMBHAL,11/11/2021,2.2,1000.0,1200.0,1050.0
SAMBHAL,12/11/2021,3.0,1000.0,1300.0,1250.0
SAMBHAL,13/11/2021,3.0,800.0,1250.0,1000.0
SAMBHAL,14/11/2021,3.0,800.0,1050.0,950.0
SAMBHAL,15/11/2021,2.7,750.0,1000.0,950.0
SAMBHAL,16/11/2021,3.2,800.0,1000.0,950.0
SAMBHAL,17/11/2021,3.0,850.0,1050.0,1000.0
SAMBHAL,18/11/2021,2.0,800.0,1000.0,850.0
SAMBHAL,19/11/2021,2.5,,,
SAMBHAL,20/11/2021,3.5,800.0,1200.0,1050.0
SAMBHAL,21/11/2021,1.9,1000.0,1230.0,1150.0
SAMBHAL,22/11/2021,2.8,850.0,1300.0,1000.0
SAMBHAL,23/11/2021,2.2,850.0,1200.0,1000.0
SAMBHAL,24/11/2021,2.0,950.0,1200.0,1050.0
SAMBHAL,25/11/2021,2.7,950.0,1220.0,1050.0
SAMBHAL,26/11/2021,2.5,750.0,1250.0,900.0
SAMBHAL,27/11/2021,3.5,800.0,1000.0,950.0
SAMBHAL,28/11/2021,2.5,850.0,1250.0,1000.0
SAMBHAL,29/11/2021,2.0,750.0,1000.0,890.0
SAMBHAL,30/11/2021,2.5,950.0,1200.0,1050.0
SAMSABAD,26/11/2021,3000.0,1240.0,1265.0,1250.0
SANDI,27/11/2021,300.0,1150.0,1200.0,1180.0
SANDI,,,1150.0,1200.0,1180.0
SANDILA,01/11/2021,34.0,1200.0,1300.0,1250.0
SANDILA,02/11/2021,30.0,1250.0,1330.0,1290.0
SANDILA,05/11/2021,20.0,1300.0,1400.0,1350.0
SANDILA,06/11/2021,30.0,1300.0,1380.0,1340.0
SANDILA,07/11/2021,25.0,1250.0,1350.0,1300.0
SANDILA,08/11/2021,35.0,1250.0,1330.0,1290.0
SANDILA,09/11/2021,30.0,1270.0,1350.0,1310.0
SANDILA,11/11/2021,25.0,1330.0,1385.0,1350.0
SANDILA,12/11/2021,30.0,1300.0,1350.0,1320.0
SANDILA,13/11/2021,35.0,1300.0,1380.0,1340.0
SANDILA,14/11/2021,32.0,1300.0,1400.0,1350.0
SANDILA,15/11/2021,30.0,1300.0,1380.0,1340.0
SANDILA,16/11/2021,35.0,1300.0,1400.0,1350.0
SANDILA,18/11/2021,32.0,1340.0,1420.0,1390.0
SANDILA,19/11/2021,30.0,1350.0,1450.0,1400.0
SANDILA,20/11/2021,25.0,1330.0,1420.0,1370.0
SANDILA,21/11/2021,30.0,1340.0,1420.0,1380.0
SANDILA,22/11/2021,28.0,1320.0,1400.0,1360.0
SANDILA,23/11/2021,32.0,1300.0,1400.0,1350.0
SANDILA,25/11/2021,30.0,1180.0,1270.0,1220.0
SANDILA,26/11/2021,35.0,1200.0,1280.0,1240.0
SANDILA,27/11/2021,30.0,1150.0,1250.0,1200.0
SANDILA,28/11/2021,35.0,1170.0,1250.0,1210.0
SANDILA,29/11/2021,31.0,1150.0,1230.0,1190.0
SANDILA,30/11/2021,37.0,1140.0,1220.0,1180.0
SARDHANA,02/11/2021,4.0,1300.0,1500.0,1400.0
SARDHANA,04/11/2021,4.0,1300.0,1500.0,1400.0
SARDHANA,09/11/2021,4.0,1300.0,1500.0,1400.0
SARDHANA,10/11/2021,5.0,1300.0,1500.0,1400.0
SARDHANA,11/11/2021,4.0,1300.0,1500.0,1400.0
SARDHANA,15/11/2021,3.0,1400.0,1500.0,1450.0
SARDHANA,16/11/2021,4.0,1400.0,1500.0,1450.0
SARDHANA,17/11/2021,5.0,1400.0,1600.0,1500.0
SARDHANA,19/11/2021,3.0,800.0,900.0,850.0
SARDHANA,22/11/2021,5.0,800.0,900.0,850.0
SARDHANA,24/11/2021,3.0,850.0,950.0,900.0
SARDHANA,25/11/2021,3.0,800.0,900.0,850.0
SARDHANA,27/11/2021,3.0,900.0,1000.0,950.0
SARDHANA,28/11/2021,4.0,2500.0,2700.0,2600.0
SARDHANA,29/11/2021,3.0,700.0,800.0,750.0
SARDHANA,30/11/2021,3.0,500.0,600.0,550.0
SEHJANWA,01/11/2021,10.0,1580.0,1620.0,1600.0
SEHJANWA,05/11/2021,8.0,1600.0,1640.0,1625.0
SEHJANWA,06/11/2021,15.0,1600.0,1640.0,1625.0
SEHJANWA,08/11/2021,10.0,1640.0,1675.0,1650.0
SEHJANWA,09/11/2021,20.0,1625.0,1650.0,1640.0
SEHJANWA,12/11/2021,4.0,1640.0,1670.0,1650.0
SEHJANWA,13/11/2021,7.0,1580.0,1620.0,1600.0
SEHJANWA,16/11/2021,10.0,1480.0,1525.0,1500.0
SEHJANWA,19/11/2021,8.0,1420.0,1450.0,1440.0
SEHJANWA,22/11/2021,10.0,1460.0,1500.0,1480.0
SEHJANWA,23/11/2021,12.0,1380.0,1425.0,1400.0
SEHJANWA,25/11/2021,8.0,1430.0,1460.0,1440.0
SEHJANWA,29/11/2021,10.0,1200.0,1280.0,1260.0
SHADABAD,01/11/2021,1.0,,,
SHADABAD,02/11/2021,1.0,800.0,900.0,850.0
SHADABAD,03/11/2021,2.0,900.0,1000.0,950.0
SHADABAD,08/11/2021,1.0,700.0,800.0,750.0
SHADABAD,09/11/2021,1.0,600.0,700.0,650.0
SHADABAD,10/11/2021,2.0,600.0,700.0,650.0
SHADABAD,11/11/2021,2.0,600.0,700.0,650.0
SHADABAD,12/11/2021,1.0,2300.0,2400.0,2350.0
SHADABAD,13/11/2021,1.0,600.0,700.0,650.0
SHADABAD,15/11/2021,1.0,600.0,700.0,650.0
SHADABAD,16/11/2021,2.0,600.0,700.0,650.0
SHADABAD,19/11/2021,1.0,400.0,500.0,450.0
SHADABAD,20/11/2021,1.0,400.0,500.0,450.0
SHADABAD,22/11/2021,1.0,400.0,500.0,450.0
SHADABAD,23/11/2021,1.0,400.0,500.0,450.0
SHADABAD,24/11/2021,1.0,400.0,500.0,450.0
SHADABAD,25/11/2021,2.0,400.0,500.0,450.0
SHADABAD,26/11/2021,1.0,500.0,600.0,550.0
SHADABAD,27/11/2021,2.0,500.0,600.0,550.0
SHADABAD,29/11/2021,2.0,500.0,600.0,550.0
SHADABAD,30/11/2021,2.0,400.0,500.0,450.0
SHAHABAD(NEW MANDI),02/11/2021,400.0,1240.0,1320.0,1280.0
SHAHABAD(NEW MANDI),16/11/2021,350.0,1300.0,1400.0,1350.0
SHAHASWAN,01/11/2021,3.2,1000.0,1250.0,1200.0
SHAHASWAN,03/11/2021,6.0,1200.0,1400.0,1250.0
SHAHASWAN,06/11/2021,3.5,1200.0,1300.0,1250.0
SHAHASWAN,07/11/2021,3.2,1150.0,1250.0,1200.0
SHAHASWAN,08/11/2021,3.0,1150.0,1250.0,1200.0
SHAHASWAN,09/11/2021,6.5,1150.0,1250.0,1200.0
SHAHASWAN,10/11/2021,2.0,1200.0,1300.0,1250.0
SHAHASWAN,20/11/2021,3.0,1000.0,1250.0,1200.0
SHAHASWAN,21/11/2021,3.2,1200.0,1600.0,1250.0
SHAHASWAN,22/11/2021,2.3,1000.0,1250.0,1200.0
SHAHASWAN,24/11/2021,2.3,1200.0,1250.0,1220.0
SHAHASWAN,26/11/2021,3.2,1200.0,1230.0,1210.0
SHAHASWAN,27/11/2021,3.0,1000.0,1100.0,1050.0
SHAHASWAN,28/11/2021,4.6,1050.0,1200.0,1100.0
SHAHASWAN,29/11/2021,4.0,1000.0,1200.0,1050.0
SHAHGANJ,01/11/2021,20.0,1400.0,1600.0,1500.0
SHAHGANJ,02/11/2021,16.0,1400.0,1600.0,1510.0
SHAHGANJ,06/11/2021,15.0,1600.0,1750.0,1650.0
SHAHGANJ,08/11/2021,20.0,1550.0,1800.0,1650.0
SHAHGANJ,09/11/2021,30.0,1600.0,1700.0,1640.0
SHAHGANJ,10/11/2021,19.0,1500.0,1700.0,1620.0
SHAHGANJ,11/11/2021,17.0,1500.0,1700.0,1600.0
SHAHGANJ,12/11/2021,15.0,1500.0,1700.0,1600.0
SHAHGANJ,13/11/2021,11.0,1550.0,1700.0,1640.0
SHAHGANJ,15/11/2021,0.2,1550.0,1800.0,1640.0
SHAHGANJ,16/11/2021,25.0,1600.0,1750.0,1650.0
SHAHGANJ,17/11/2021,20.0,1400.0,1600.0,1520.0
SHAHGANJ,18/11/2021,30.0,1430.0,1600.0,1500.0
SHAHGANJ,19/11/2021,20.0,1500.0,1650.0,1550.0
SHAHGANJ,20/11/2021,15.0,1500.0,1700.0,1600.0
SHAHGANJ,22/11/2021,28.0,1350.0,1500.0,1400.0
SHAHGANJ,23/11/2021,20.0,1300.0,1450.0,1380.0
SHAHGANJ,24/11/2021,30.0,1300.0,1450.0,1360.0
SHAHGANJ,25/11/2021,16.0,1200.0,1400.0,1300.0
SHAHGANJ,26/11/2021,20.0,1250.0,1400.0,1320.0
SHAHGANJ,27/11/2021,15.0,1200.0,1400.0,1300.0
SHAHGANJ,29/11/2021,30.0,1200.0,1350.0,1260.0
SHAHGANJ,30/11/2021,18.0,1200.0,1350.0,1250.0
SHAHJAHANPUR,02/11/2021,71.0,1150.0,1350.0,1240.0
SHAHJAHANPUR,06/11/2021,67.0,1150.0,1350.0,1240.0
SHAHJAHANPUR,08/11/2021,70.0,1150.0,1350.0,1265.0
SHAHJAHANPUR,09/11/2021,72.0,1200.0,1350.0,1280.0
SHAHJAHANPUR,10/11/2021,80.0,1200.0,1300.0,1250.0
SHAHJAHANPUR,11/11/2021,75.0,1210.0,1320.0,1265.0
SHAHJAHANPUR,12/11/2021,80.0,1220.0,1340.0,1270.0
SHAHJAHANPUR,15/11/2021,70.0,1200.0,1400.0,1310.0
SHAHJAHANPUR,16/11/2021,68.0,1250.0,1350.0,1305.0
SHAHJAHANPUR,22/11/2021,100.0,1220.0,1300.0,1275.0
SHAHJAHANPUR,23/11/2021,105.0,1100.0,1400.0,1270.0
SHAHJAHANPUR,24/11/2021,160.0,1200.0,1315.0,1250.0
SHAHJAHANPUR,25/11/2021,160.0,1200.0,1300.0,1250.0
SHAHJAHANPUR,26/11/2021,165.0,1200.0,1300.0,1255.0
SHAHJAHANPUR,29/11/2021,165.0,1200.0,1290.0,1255.0
SHAHJAHANPUR,30/11/2021,170.0,1200.0,1300.0,1250.0
SHAHPUR,03/11/2021,5.2,1410.0,1440.0,1430.0
SHAHPUR,04/11/2021,3.0,1420.0,1460.0,1440.0
SHAHPUR,13/11/2021,5.8,1320.0,1360.0,1340.0
SHAHPUR,16/11/2021,4.0,1320.0,1360.0,1340.0
SHAHPUR,18/11/2021,5.0,1350.0,1400.0,1380.0
SHAMLI,04/11/2021,38.0,1725.0,1900.0,1815.0
SHAMLI,08/11/2021,41.0,1800.0,1970.0,1875.0
SHAMLI,09/11/2021,40.0,1820.0,1950.0,1880.0
SHAMLI,10/11/2021,43.0,1820.0,1950.0,1885.0
SHAMLI,12/11/2021,45.0,1810.0,1960.0,1860.0
SHAMLI,13/11/2021,36.0,1810.0,1950.0,1875.0
SHAMLI,15/11/2021,48.0,1810.0,1930.0,1865.0
SHAMLI,16/11/2021,42.0,1810.0,1910.0,1860.0
SHAMLI,17/11/2021,47.0,1720.0,1850.0,1770.0
SHAMLI,18/11/2021,53.0,1610.0,1700.0,1650.0
SHAMLI,19/11/2021,35.0,1370.0,1550.0,1485.0
SHAMLI,20/11/2021,45.0,1410.0,1550.0,1480.0
SHAMLI,22/11/2021,7.0,1350.0,1475.0,1400.0
SHAMLI,23/11/2021,8.0,1340.0,1500.0,1390.0
SHAMLI,24/11/2021,51.0,1330.0,1560.0,1450.0
SHAMLI,25/11/2021,35.0,1300.0,1450.0,1375.0
SHAMLI,26/11/2021,47.0,1280.0,1450.0,1360.0
SHAMLI,27/11/2021,52.0,1240.0,1360.0,1310.0
SHAMLI,29/11/2021,45.0,1250.0,1400.0,1315.0
SHAMLI,30/11/2021,46.0,1260.0,1400.0,1310.0
SHIKOHABAD,01/11/2021,2.5,1100.0,1180.0,1140.0
SHIKOHABAD,02/11/2021,12.5,1100.0,1200.0,1150.0
SHIKOHABAD,06/11/2021,6.8,1100.0,1200.0,1150.0
SHIKOHABAD,07/11/2021,2.4,1050.0,1150.0,1100.0
SHIKOHABAD,08/11/2021,9.2,1050.0,1250.0,1150.0
SHIKOHABAD,09/11/2021,13.0,1050.0,1200.0,1100.0
SHIKOHABAD,11/11/2021,12.7,1100.0,1300.0,1200.0
SHIKOHABAD,13/11/2021,8.4,1100.0,1300.0,1200.0
SHIKOHABAD,15/11/2021,12.4,1100.0,1300.0,1200.0
SHIKOHABAD,17/11/2021,10.5,1050.0,1150.0,1100.0
SHIKOHABAD,18/11/2021,1.59,1100.0,1300.0,1200.0
SHIKOHABAD,19/11/2021,10.6,1100.0,1300.0,1200.0
SHIKOHABAD,20/11/2021,10.2,1000.0,1200.0,1100.0
SHIKOHABAD,21/11/2021,9.5,1100.0,1300.0,1200.0
SHIKOHABAD,23/11/2021,7.5,1100.0,1300.0,1200.0
SHIKOHABAD,26/11/2021,5.8,1000.0,1200.0,1100.0
SHIKOHABAD,27/11/2021,4.5,1100.0,1300.0,1200.0
SHIKOHABAD,29/11/2021,8.5,1100.0,1300.0,1200.0
SIKANDERABAD,02/11/2021,47.5,1200.0,1300.0,1250.0
SIKANDERABAD,03/11/2021,42.0,1200.0,1400.0,1300.0
SIKANDERABAD,07/11/2021,10.0,1000.0,1400.0,1200.0
SIKANDERABAD,08/11/2021,20.0,1000.0,1200.0,1100.0
SIKANDERABAD,09/11/2021,56.5,1200.0,1400.0,1300.0
SIKANDERABAD,10/11/2021,17.5,1000.0,1200.0,1100.0
SIKANDERABAD,11/11/2021,59.1,1100.0,1500.0,1300.0
SIKANDERABAD,12/11/2021,24.5,1100.0,1400.0,1200.0
SIKANDERABAD,13/11/2021,31.5,1200.0,1400.0,1300.0
SIKANDERABAD,16/11/2021,70.5,1000.0,1200.0,1100.0
SIKANDERABAD,17/11/2021,28.0,1000.0,1200.0,1100.0
SIKANDERABAD,19/11/2021,38.5,1000.0,1500.0,1300.0
SIKANDERABAD,20/11/2021,15.0,1000.0,1200.0,1100.0
SIKANDERABAD,22/11/2021,19.0,1000.0,1200.0,1100.0
SIKANDERABAD,23/11/2021,28.0,900.0,1200.0,1000.0
SIKANDERABAD,24/11/2021,46.8,800.0,1000.0,900.0
SIKANDERABAD,25/11/2021,47.0,800.0,1000.0,900.0
SIKANDERABAD,26/11/2021,58.0,800.0,1000.0,900.0
SIKANDERABAD,27/11/2021,18.5,800.0,1000.0,900.0
SIKANDERABAD,28/11/2021,29.0,800.0,1000.0,900.0
SIKANDERABAD,30/11/2021,35.5,800.0,1000.0,900.0
SIKANDRARAAU,01/11/2021,0.5,780.0,920.0,815.0
SIKANDRARAAU,08/11/2021,2.5,685.0,840.0,715.0
SIKANDRARAAU,11/11/2021,4.5,450.0,840.0,670.0
SIKANDRARAAU,12/11/2021,6.5,650.0,825.0,720.0
SIKANDRARAAU,15/11/2021,5.5,490.0,770.0,675.0
SIKANDRARAAU,29/11/2021,5.5,680.0,810.0,735.0
SIRSA,01/11/2021,180.0,1040.0,1120.0,1080.0
SIRSA,02/11/2021,160.0,1030.0,1100.0,1070.0
SIRSA,05/11/2021,180.0,1050.0,1120.0,1080.0
SIRSA,06/11/2021,190.0,1060.0,1130.0,1090.0
SIRSA,08/11/2021,190.0,1060.0,1130.0,1090.0
SIRSA,09/11/2021,180.0,1150.0,1250.0,1180.0
SIRSA,10/11/2021,190.0,1160.0,1250.0,1200.0
SIRSA,11/11/2021,170.0,1150.0,1250.0,1200.0
SIRSA,12/11/2021,160.0,1200.0,1300.0,1250.0
SIRSA,13/11/2021,180.0,1320.0,1400.0,1350.0
SIRSA,15/11/2021,190.0,1350.0,1450.0,1400.0
SIRSA,16/11/2021,180.0,1350.0,1450.0,1400.0
SIRSA,17/11/2021,160.0,1360.0,1500.0,1420.0
SIRSA,18/11/2021,180.0,1400.0,1500.0,1450.0
SIRSA,19/11/2021,170.0,1425.0,1500.0,1450.0
SIRSA,20/11/2021,165.0,1400.0,1500.0,1450.0
SIRSA,22/11/2021,180.0,1400.0,1500.0,1460.0
SIRSA,23/11/2021,190.0,1450.0,1600.0,1500.0
SIRSA,24/11/2021,165.0,1450.0,1550.0,1500.0
SIRSA,25/11/2021,170.0,1450.0,1550.0,1500.0
SIRSA,26/11/2021,190.0,1500.0,1600.0,1525.0
SIRSA,27/11/2021,170.0,1500.0,1600.0,1525.0
SIRSA,29/11/2021,160.0,1500.0,1600.0,1550.0
SIRSA,30/11/2021,180.0,1525.0,1600.0,1550.0
SIRSAGANJ,01/11/2021,302.1,1125.0,1325.0,1225.0
SIRSAGANJ,02/11/2021,346.3,1120.0,1320.0,1220.0
SIRSAGANJ,03/11/2021,336.9,1140.0,1340.0,1240.0
SIRSAGANJ,04/11/2021,355.0,1130.0,1330.0,1230.0
SIRSAGANJ,06/11/2021,327.5,1140.0,1340.0,1240.0
SIRSAGANJ,07/11/2021,324.8,1150.0,1350.0,1250.0
SIRSAGANJ,08/11/2021,349.6,1120.0,1320.0,1220.0
SIRSAGANJ,09/11/2021,357.3,1100.0,1300.0,1200.0
SIRSAGANJ,10/11/2021,349.8,1120.0,1320.0,1220.0
SIRSAGANJ,11/11/2021,298.5,1140.0,1340.0,1240.0
SIRSAGANJ,13/11/2021,319.6,1150.0,1350.0,1250.0
SIRSAGANJ,14/11/2021,349.6,1140.0,1340.0,1240.0
SIRSAGANJ,15/11/2021,301.2,1150.0,1350.0,1250.0
SIRSAGANJ,16/11/2021,266.1,1200.0,1400.0,1300.0
SIRSAGANJ,17/11/2021,297.5,1100.0,1300.0,1200.0
SIRSAGANJ,18/11/2021,287.1,1200.0,1400.0,1300.0
SIRSAGANJ,20/11/2021,298.6,1190.0,1390.0,1290.0
SIRSAGANJ,21/11/2021,308.6,1200.0,1400.0,1300.0
SIRSAGANJ,22/11/2021,297.9,1210.0,1410.0,1310.0
SIRSAGANJ,23/11/2021,304.2,1220.0,1420.0,1320.0
SIRSAGANJ,24/11/2021,316.0,1200.0,1400.0,1300.0
SIRSAGANJ,25/11/2021,348.6,1180.0,1380.0,1280.0
SIRSAGANJ,27/11/2021,324.2,1200.0,1400.0,1300.0
SIRSAGANJ,28/11/2021,297.5,1210.0,1410.0,1310.0
SIRSAGANJ,29/11/2021,288.1,1220.0,1420.0,1320.0
SIRSAGANJ,30/11/2021,299.7,1200.0,1400.0,1300.0
SITAPUR,01/11/2021,169.0,1100.0,1300.0,1250.0
SITAPUR,02/11/2021,170.0,1100.0,1300.0,1250.0
SITAPUR,04/11/2021,160.0,1100.0,1450.0,1330.0
SITAPUR,06/11/2021,155.0,1200.0,1450.0,1340.0
SITAPUR,08/11/2021,156.0,1200.0,1450.0,1300.0
SITAPUR,09/11/2021,155.0,1200.0,1450.0,1320.0
SITAPUR,10/11/2021,156.0,1200.0,1450.0,1310.0
SITAPUR,11/11/2021,150.0,1200.0,1450.0,1340.0
SITAPUR,12/11/2021,149.0,1200.0,1450.0,1350.0
SITAPUR,13/11/2021,145.0,1200.0,1450.0,1360.0
SITAPUR,15/11/2021,146.0,1200.0,1450.0,1350.0
SITAPUR,16/11/2021,140.0,1250.0,1460.0,1370.0
SITAPUR,17/11/2021,138.5,1260.0,1460.0,1375.0
SITAPUR,18/11/2021,135.0,1260.0,1460.0,1380.0
SITAPUR,20/11/2021,140.0,1260.0,1460.0,1360.0
SITAPUR,22/11/2021,147.0,1200.0,1400.0,1300.0
SITAPUR,23/11/2021,150.0,1200.0,1370.0,1290.0
SITAPUR,24/11/2021,151.0,1200.0,1360.0,1280.0
SITAPUR,25/11/2021,155.0,1200.0,1350.0,1260.0
SITAPUR,26/11/2021,166.0,1200.0,1350.0,1285.0
SITAPUR,27/11/2021,167.0,1200.0,1350.0,1280.0
SITAPUR,29/11/2021,165.0,1200.0,1350.0,1250.0
SITAPUR,30/11/2021,160.0,1200.0,1350.0,1260.0
SIYANA,01/11/2021,5.8,800.0,1000.0,900.0
SIYANA,02/11/2021,9.0,1100.0,1300.0,1200.0
SIYANA,03/11/2021,8.0,1100.0,1300.0,1200.0
SIYANA,04/11/2021,9.0,1100.0,1300.0,1200.0
SIYANA,05/11/2021,8.0,1100.0,1300.0,1200.0
SIYANA,06/11/2021,9.0,1100.0,1300.0,1200.0
SIYANA,07/11/2021,8.0,1100.0,1300.0,1200.0
SIYANA,08/11/2021,9.0,1100.0,1300.0,1200.0
SIYANA,09/11/2021,9.0,1400.0,1500.0,1450.0
SIYANA,10/11/2021,9.5,1400.0,1500.0,1450.0
SIYANA,11/11/2021,9.0,1400.0,1500.0,1450.0
SIYANA,12/11/2021,9.2,1400.0,1500.0,1450.0
SIYANA,13/11/2021,9.0,1400.0,1500.0,1450.0
SIYANA,14/11/2021,9.5,1400.0,1500.0,1450.0
SIYANA,15/11/2021,9.6,1400.0,1500.0,1450.0
SIYANA,16/11/2021,9.0,1400.0,1500.0,1450.0
SIYANA,17/11/2021,9.5,1400.0,1500.0,1450.0
SIYANA,18/11/2021,9.5,1400.0,1500.0,1450.0
SIYANA,19/11/2021,9.5,1400.0,1500.0,1450.0
SIYANA,20/11/2021,9.0,1400.0,1500.0,1450.0
SIYANA,21/11/2021,9.5,1400.0,1500.0,1450.0
SIYANA,22/11/2021,9.0,1400.0,1500.0,1450.0
SIYANA,23/11/2021,7.0,1400.0,1500.0,1460.0
SIYANA,24/11/2021,8.0,1400.0,1500.0,1460.0
SIYANA,25/11/2021,9.0,1400.0,1500.0,1460.0
SIYANA,26/11/2021,9.2,1400.0,1500.0,1460.0
SIYANA,27/11/2021,9.0,1400.0,1500.0,1460.0
SIYANA,29/11/2021,9.5,900.0,1000.0,950.0
SIYANA,30/11/2021,9.0,900.0,1000.0,950.0
SOHARATGARH,26/11/2021,144.0,1210.0,1310.0,1260.0
SULTANPUR,01/11/2021,20.0,1280.0,1500.0,1350.0
SULTANPUR,02/11/2021,28.0,1300.0,1500.0,1370.0
SULTANPUR,03/11/2021,55.0,1350.0,1680.0,1450.0
SULTANPUR,04/11/2021,60.0,1360.0,1700.0,1460.0
SULTANPUR,05/11/2021,55.0,1380.0,1700.0,1490.0
SULTANPUR,06/11/2021,62.0,1400.0,1700.0,1500.0
SULTANPUR,07/11/2021,50.0,1400.0,1600.0,1530.0
SULTANPUR,08/11/2021,50.0,1480.0,1680.0,1550.0
SULTANPUR,09/11/2021,52.0,1490.0,1680.0,1560.0
SULTANPUR,10/11/2021,50.0,1480.0,1670.0,1550.0
SULTANPUR,11/11/2021,52.0,1480.0,1680.0,1560.0
SULTANPUR,12/11/2021,70.0,1470.0,1600.0,1520.0
SULTANPUR,13/11/2021,75.0,1450.0,1600.0,1500.0
SULTANPUR,14/11/2021,80.0,1430.0,1590.0,1480.0
SULTANPUR,15/11/2021,70.0,1420.0,1580.0,1460.0
SULTANPUR,16/11/2021,85.0,1410.0,1575.0,1450.0
SULTANPUR,17/11/2021,80.0,1450.0,1600.0,1500.0
SULTANPUR,18/11/2021,90.0,1480.0,1600.0,1520.0
SULTANPUR,19/11/2021,100.0,1400.0,1550.0,1460.0
SULTANPUR,20/11/2021,80.0,1380.0,1550.0,1430.0
SULTANPUR,21/11/2021,85.0,1370.0,1550.0,1415.0
SULTANPUR,22/11/2021,60.0,1370.0,1500.0,1400.0
SULTANPUR,23/11/2021,65.0,1360.0,1500.0,1390.0
SULTANPUR,24/11/2021,60.0,1350.0,1500.0,1400.0
SULTANPUR,25/11/2021,70.0,1340.0,1490.0,1390.0
SULTANPUR,26/11/2021,85.0,1325.0,1450.0,1350.0
SULTANPUR,27/11/2021,90.0,1300.0,1420.0,1335.0
SULTANPUR,28/11/2021,80.0,1280.0,1400.0,1310.0
SULTANPUR,29/11/2021,95.0,1260.0,1450.0,1330.0
SULTANPUR,30/11/2021,100.0,1250.0,1450.0,1330.0
TAMKUHI ROAD,01/11/2021,5.0,,,
TAMKUHI ROAD,02/11/2021,23.0,,,
TAMKUHI ROAD,03/11/2021,68.5,,,
TAMKUHI ROAD,08/11/2021,50.0,,,
TAMKUHI ROAD,09/11/2021,22.0,,,
TAMKUHI ROAD,10/11/2021,40.0,,,
TAMKUHI ROAD,12/11/2021,23.0,2290.0,2335.0,2315.0
TAMKUHI ROAD,13/11/2021,32.0,1175.0,1235.0,1200.0
TAMKUHI ROAD,15/11/2021,73.0,,,
TAMKUHI ROAD,16/11/2021,69.0,1925.0,1980.0,1955.0
TAMKUHI ROAD,17/11/2021,60.5,1890.0,1935.0,1915.0
TAMKUHI ROAD,18/11/2021,22.0,1920.0,1950.0,1935.0
TAMKUHI ROAD,19/11/2021,22.0,1930.0,1975.0,1950.0
TAMKUHI ROAD,20/11/2021,93.0,1900.0,1942.0,1918.0
TAMKUHI ROAD,22/11/2021,56.0,1670.0,1715.0,1695.0
TAMKUHI ROAD,23/11/2021,129.0,1590.0,1635.0,1615.0
TAMKUHI ROAD,24/11/2021,65.0,1670.0,1725.0,1700.0
TAMKUHI ROAD,25/11/2021,45.0,1270.0,1335.0,1300.0
TAMKUHI ROAD,26/11/2021,16.0,1280.0,1325.0,1300.0
TAMKUHI ROAD,27/11/2021,29.0,1350.0,1400.0,1375.0
TAMKUHI ROAD,29/11/2021,17.5,1380.0,1425.0,1400.0
TAMKUHI ROAD,30/11/2021,71.0,1150.0,1200.0,1175.0
TANDA,01/11/2021,11.0,1600.0,1625.0,1610.0
TANDA,02/11/2021,12.0,1600.0,1625.0,1610.0
TANDA,04/11/2021,18.0,1600.0,1625.0,1610.0
TANDA,06/11/2021,18.0,1600.0,1620.0,1610.0
TANDA,08/11/2021,12.0,1650.0,1710.0,1680.0
TANDA,09/11/2021,13.0,1650.0,1700.0,1680.0
TANDA,10/11/2021,12.0,1500.0,1530.0,1525.0
TANDA,11/11/2021,12.0,1500.0,1530.0,1525.0
TANDA,12/11/2021,12.0,1500.0,1610.0,1525.0
TANDA,13/11/2021,20.7,1500.0,1580.0,1550.0
TANDA,15/11/2021,10.4,1500.0,1580.0,1550.0
TANDA,17/11/2021,12.0,1600.0,1700.0,1680.0
TANDA,18/11/2021,12.0,1600.0,1700.0,1680.0
TANDA,20/11/2021,12.0,1350.0,1420.0,1400.0
TANDA,23/11/2021,41.0,1100.0,1200.0,1150.0
THANABHAWAN,01/11/2021,1.6,900.0,1000.0,950.0
THANABHAWAN,02/11/2021,1.8,900.0,1000.0,960.0
THANABHAWAN,03/11/2021,2.0,900.0,1000.0,970.0
THANABHAWAN,04/11/2021,2.2,900.0,1000.0,940.0
THANABHAWAN,05/11/2021,2.0,900.0,1000.0,950.0
THANABHAWAN,06/11/2021,2.4,900.0,1000.0,960.0
THANABHAWAN,07/11/2021,2.0,900.0,1000.0,970.0
THANABHAWAN,08/11/2021,1.8,900.0,1000.0,940.0
THANABHAWAN,09/11/2021,2.0,1000.0,1100.0,1050.0
THANABHAWAN,10/11/2021,2.2,1000.0,1100.0,1060.0
THANABHAWAN,11/11/2021,2.0,1000.0,1100.0,1070.0
THANABHAWAN,12/11/2021,1.5,1000.0,1200.0,1100.0
THANABHAWAN,13/11/2021,1.7,1000.0,1200.0,1120.0
THANABHAWAN,14/11/2021,1.8,1000.0,1200.0,1150.0
THANABHAWAN,15/11/2021,2.0,1000.0,1200.0,1100.0
THANABHAWAN,16/11/2021,2.2,1000.0,1200.0,1120.0
THANABHAWAN,17/11/2021,2.0,1000.0,1200.0,1100.0
THANABHAWAN,19/11/2021,2.2,1000.0,1200.0,1120.0
THANABHAWAN,20/11/2021,2.5,1000.0,1200.0,1150.0
THANABHAWAN,21/11/2021,2.4,1000.0,1200.0,1100.0
THANABHAWAN,22/11/2021,2.2,1000.0,1200.0,1120.0
THANABHAWAN,23/11/2021,2.2,1000.0,1200.0,1150.0
THANABHAWAN,24/11/2021,2.0,1000.0,1200.0,1100.0
THANABHAWAN,25/11/2021,1.8,1000.0,1200.0,1120.0
THANABHAWAN,26/11/2021,2.0,1000.0,1200.0,1100.0
THANABHAWAN,27/11/2021,2.2,1000.0,1200.0,1120.0
THANABHAWAN,28/11/2021,2.4,1000.0,1200.0,1150.0
THANABHAWAN,29/11/2021,2.2,1000.0,1200.0,1100.0
TIKONIA,01/11/2021,0.7,1120.0,1120.0,1120.0
TIKONIA,02/11/2021,0.5,1130.0,1130.0,1130.0
TIKONIA,08/11/2021,0.6,1280.0,1300.0,1290.0
TIKONIA,09/11/2021,0.7,1280.0,1280.0,1280.0
TIKONIA,10/11/2021,0.7,1310.0,1310.0,1310.0
TIKONIA,11/11/2021,1.0,1250.0,1275.0,1260.0
TIKONIA,12/11/2021,0.7,1310.0,1310.0,1310.0
TIKONIA,13/11/2021,0.5,1280.0,1300.0,1290.0
TIKONIA,15/11/2021,0.5,1270.0,1270.0,1270.0
TIKONIA,17/11/2021,0.7,1310.0,1310.0,1310.0
TIKONIA,18/11/2021,0.7,1310.0,1330.0,1320.0
TIKONIA,20/11/2021,0.5,1220.0,1220.0,1220.0
TIKONIA,21/11/2021,0.7,1270.0,1290.0,1280.0
TIKONIA,22/11/2021,0.5,1300.0,1310.0,1310.0
TIKONIA,23/11/2021,0.5,1250.0,1270.0,1260.0
TIKONIA,25/11/2021,0.6,1310.0,1310.0,1310.0
TIKONIA,26/11/2021,0.5,1290.0,1290.0,1290.0
TIKONIA,27/11/2021,0.5,1150.0,1170.0,1160.0
TIKONIA,28/11/2021,1.0,1160.0,1195.0,1180.0
TIKONIA,29/11/2021,1.0,1120.0,1140.0,1130.0
TILHAR,01/11/2021,3.0,985.0,1020.0,1000.0
TILHAR,02/11/2021,3.5,950.0,1050.0,1000.0
TILHAR,03/11/2021,2.5,980.0,1020.0,1000.0
TILHAR,04/11/2021,5.5,980.0,1020.0,1000.0
TILHAR,05/11/2021,6.0,950.0,1050.0,1000.0
TILHAR,06/11/2021,3.5,950.0,1050.0,1000.0
TILHAR,07/11/2021,4.5,980.0,1020.0,1000.0
TILHAR,08/11/2021,2.2,950.0,1050.0,1000.0
TILHAR,09/11/2021,3.5,985.0,1050.0,1000.0
TILHAR,12/11/2021,5.0,1150.0,1250.0,1200.0
TILHAR,13/11/2021,5.0,1150.0,1250.0,1200.0
TILHAR,14/11/2021,5.0,1160.0,1240.0,1200.0
TILHAR,15/11/2021,11.7,1150.0,1250.0,1200.0
TILHAR,17/11/2021,7.0,1150.0,1250.0,1200.0
TILHAR,18/11/2021,9.3,1180.0,1225.0,1200.0
TILHAR,19/11/2021,6.2,980.0,1050.0,1000.0
TILHAR,20/11/2021,5.0,950.0,1055.0,1000.0
TILHAR,23/11/2021,4.2,550.0,650.0,600.0
TILHAR,25/11/2021,8.9,560.0,650.0,600.0
TILHAR,26/11/2021,5.1,580.0,625.0,600.0
TILHAR,27/11/2021,6.2,790.0,815.0,800.0
TILHAR,28/11/2021,8.5,790.0,815.0,800.0
TILHAR,29/11/2021,6.0,785.0,825.0,800.0
TILHAR,30/11/2021,15.2,750.0,850.0,800.0
TULSIPUR,02/11/2021,23.0,1400.0,1470.0,1450.0
TULSIPUR,08/11/2021,32.5,1475.0,1530.0,1500.0
TULSIPUR,09/11/2021,27.5,1450.0,1500.0,1485.0
TULSIPUR,10/11/2021,31.0,1400.0,1500.0,1475.0
TULSIPUR,11/11/2021,35.0,1400.0,1500.0,1450.0
TULSIPUR,12/11/2021,29.0,1250.0,1350.0,1300.0
TULSIPUR,13/11/2021,35.0,1350.0,1425.0,1400.0
TULSIPUR,14/11/2021,37.0,1400.0,1500.0,1450.0
TULSIPUR,15/11/2021,2.2,1470.0,1550.0,1500.0
TULSIPUR,16/11/2021,35.0,1475.0,1570.0,1525.0
TULSIPUR,17/11/2021,38.0,1400.0,1470.0,1450.0
TULSIPUR,18/11/2021,37.5,1350.0,1450.0,1430.0
TULSIPUR,19/11/2021,35.0,1400.0,1480.0,1450.0
TULSIPUR,20/11/2021,42.5,1400.0,1500.0,1450.0
TULSIPUR,21/11/2021,25.0,1375.0,1450.0,1425.0
TULSIPUR,22/11/2021,27.5,1350.0,1450.0,1400.0
TULSIPUR,23/11/2021,25.0,1350.0,1430.0,1410.0
TULSIPUR,24/11/2021,28.0,1350.0,1450.0,1400.0
TULSIPUR,25/11/2021,22.5,1350.0,1400.0,1375.0
TULSIPUR,26/11/2021,21.0,1350.0,1430.0,1400.0
TULSIPUR,27/11/2021,25.0,1300.0,1400.0,1350.0
TULSIPUR,28/11/2021,23.0,1300.0,1350.0,1325.0
TULSIPUR,29/11/2021,26.0,1325.0,1400.0,1375.0
TULSIPUR,30/11/2021,27.0,1350.0,1425.0,1400.0
TUNDLA,01/11/2021,20.0,1030.0,1070.0,1050.0
TUNDLA,02/11/2021,20.0,1085.0,1120.0,1100.0
TUNDLA,03/11/2021,20.0,1125.0,1170.0,1150.0
TUNDLA,04/11/2021,15.9,1085.0,1120.0,1100.0
TUNDLA,05/11/2021,10.0,1140.0,1165.0,1150.0
TUNDLA,06/11/2021,20.0,1160.0,1185.0,1170.0
TUNDLA,07/11/2021,15.0,1175.0,1225.0,1200.0
TUNDLA,08/11/2021,15.0,1225.0,1270.0,1250.0
TUNDLA,09/11/2021,15.0,1185.0,1225.0,1200.0
TUNDLA,11/11/2021,25.0,1225.0,1270.0,1250.0
TUNDLA,12/11/2021,25.0,1285.0,1320.0,1300.0
TUNDLA,13/11/2021,15.0,1235.0,1270.0,1250.0
TUNDLA,15/11/2021,20.0,1230.0,1270.0,1250.0
TUNDLA,16/11/2021,10.0,1285.0,1325.0,1300.0
TUNDLA,17/11/2021,25.0,1285.0,1325.0,1300.0
TUNDLA,18/11/2021,12.5,1285.0,1320.0,1300.0
TUNDLA,19/11/2021,15.2,1285.0,1325.0,1300.0
TUNDLA,20/11/2021,10.0,1325.0,1370.0,1350.0
TUNDLA,22/11/2021,25.0,1280.0,1325.0,1300.0
TUNDLA,23/11/2021,25.0,1280.0,1325.0,1300.0
TUNDLA,24/11/2021,20.0,1240.0,1265.0,1250.0
TUNDLA,25/11/2021,25.0,1280.0,1325.0,1300.0
TUNDLA,26/11/2021,15.0,1240.0,1270.0,1250.0
TUNDLA,27/11/2021,30.0,1225.0,1265.0,1250.0
TUNDLA,29/11/2021,25.0,1180.0,1225.0,1200.0
TUNDLA,30/11/2021,150.0,1225.0,1265.0,1250.0
UJHANI,01/11/2021,10.0,1120.0,1220.0,1170.0
UJHANI,02/11/2021,15.0,1100.0,1200.0,1150.0
UJHANI,03/11/2021,12.0,1230.0,1300.0,1260.0
UJHANI,04/11/2021,15.0,1250.0,1300.0,1280.0
UJHANI,05/11/2021,9.0,1250.0,1350.0,1300.0
UJHANI,06/11/2021,10.0,1250.0,1300.0,1280.0
UJHANI,07/11/2021,7.0,1250.0,1300.0,1285.0
UJHANI,08/11/2021,11.0,1250.0,1350.0,1300.0
UJHANI,09/11/2021,9.0,1300.0,1350.0,1320.0
UJHANI,10/11/2021,11.0,1250.0,1350.0,1300.0
UJHANI,11/11/2021,15.0,1300.0,1350.0,1330.0
UJHANI,12/11/2021,10.0,1250.0,1350.0,1300.0
UJHANI,13/11/2021,15.0,1200.0,1300.0,1250.0
UJHANI,14/11/2021,12.0,1200.0,1250.0,1230.0
UJHANI,15/11/2021,15.0,1200.0,1250.0,1225.0
UJHANI,16/11/2021,18.0,1200.0,1250.0,1220.0
UJHANI,17/11/2021,13.0,1200.0,1230.0,1215.0
UJHANI,18/11/2021,15.0,1200.0,1250.0,1230.0
UJHANI,19/11/2021,13.0,1225.0,1275.0,1250.0
UJHANI,20/11/2021,15.0,1200.0,1300.0,1260.0
UJHANI,21/11/2021,14.0,1200.0,1300.0,1250.0
UJHANI,22/11/2021,10.0,1200.0,1300.0,1250.0
UJHANI,23/11/2021,11.0,1150.0,1250.0,1200.0
UJHANI,24/11/2021,20.0,1150.0,1250.0,1200.0
UJHANI,25/11/2021,28.0,1150.0,1250.0,1210.0
UJHANI,26/11/2021,40.0,1150.0,1250.0,1200.0
UJHANI,27/11/2021,30.0,1150.0,1250.0,1200.0
UJHANI,28/11/2021,50.0,1150.0,1210.0,1180.0
UJHANI,29/11/2021,53.0,1150.0,1250.0,1200.0
UJHANI,30/11/2021,60.0,1150.0,1250.0,1200.0
UNNAO,01/11/2021,17.5,1300.0,1400.0,1350.0
UNNAO,03/11/2021,20.0,1325.0,1425.0,1375.0
UNNAO,04/11/2021,16.5,1325.0,1425.0,1375.0
UNNAO,05/11/2021,18.0,1350.0,1425.0,1380.0
UNNAO,06/11/2021,17.5,1340.0,1425.0,1380.0
UNNAO,08/11/2021,23.5,1275.0,1375.0,1325.0
UNNAO,09/11/2021,19.5,1325.0,1425.0,1360.0
UNNAO,10/11/2021,18.5,1325.0,1425.0,1375.0
UNNAO,11/11/2021,19.5,1325.0,1425.0,1375.0
UNNAO,12/11/2021,22.5,1340.0,1425.0,1385.0
UNNAO,13/11/2021,18.5,1375.0,1475.0,1425.0
UNNAO,15/11/2021,17.5,1400.0,1500.0,1450.0
UNNAO,17/11/2021,17.5,1325.0,1425.0,1375.0
UNNAO,18/11/2021,19.5,1340.0,1425.0,1380.0
UNNAO,19/11/2021,20.0,1275.0,1375.0,1325.0
UNNAO,21/11/2021,24.5,1175.0,1275.0,1225.0
UNNAO,22/11/2021,45.0,1125.0,1250.0,1200.0
UNNAO,23/11/2021,44.5,1150.0,1250.0,1200.0
UNNAO,24/11/2021,45.0,1125.0,1250.0,1200.0
UNNAO,25/11/2021,65.0,1125.0,1250.0,1200.0
UNNAO,29/11/2021,55.0,1025.0,1125.0,1075.0
UNNAO,30/11/2021,65.0,1000.0,1100.0,1050.0
UTRAULA,01/11/2021,40.0,1150.0,1360.0,1250.0
UTRAULA,02/11/2021,41.0,1140.0,1370.0,1250.0
UTRAULA,08/11/2021,35.0,1160.0,1380.0,1275.0
UTRAULA,09/11/2021,36.0,1150.0,1380.0,1270.0
UTRAULA,11/11/2021,36.0,1150.0,1380.0,1275.0
UTRAULA,12/11/2021,37.0,1150.0,1380.0,1260.0
UTRAULA,15/11/2021,35.0,1550.0,1750.0,1650.0
UTRAULA,16/11/2021,36.0,1170.0,1380.0,1270.0
UTRAULA,17/11/2021,18.0,1380.0,1580.0,1480.0
UTRAULA,18/11/2021,20.0,1380.0,1580.0,1480.0
UTRAULA,20/11/2021,21.0,1400.0,1600.0,1500.0
UTRAULA,22/11/2021,22.0,1400.0,1600.0,1500.0
UTRAULA,23/11/2021,19.0,1400.0,1600.0,1500.0
UTRAULA,24/11/2021,22.0,1380.0,1580.0,1480.0
UTRAULA,25/11/2021,23.0,1370.0,1600.0,1480.0
UTRAULA,26/11/2021,20.0,1385.0,1585.0,1485.0
UTRAULA,27/11/2021,21.0,1400.0,1600.0,1500.0
UTRAULA,29/11/2021,22.5,1400.0,1600.0,1500.0
UTRAULA,30/11/2021,20.0,1400.0,1600.0,1500.0
VARANASI(F&V),03/11/2021,210.0,1600.0,1890.0,1750.0
VARANASI(F&V),06/11/2021,240.0,1550.0,1750.0,1670.0
VARANASI(F&V),07/11/2021,250.0,1600.0,1850.0,1700.0
VARANASI(F&V),08/11/2021,260.0,1700.0,1825.0,1750.0
VARANASI(F&V),09/11/2021,265.0,1750.0,1900.0,1800.0
VARANASI(F&V),10/11/2021,257.0,1800.0,1890.0,1850.0
VARANASI(F&V),11/11/2021,260.0,1700.0,1950.0,1800.0
VARANASI(F&V),12/11/2021,267.0,1675.0,1835.0,1750.0
VARANASI(F&V),13/11/2021,270.0,1485.0,1750.0,1600.0
VARANASI(F&V),14/11/2021,275.0,1465.0,1685.0,1550.0
VARANASI(F&V),15/11/2021,285.0,1400.0,1600.0,1500.0
VARANASI(F&V),17/11/2021,270.0,1300.0,1600.0,1450.0
VARANASI(F&V),18/11/2021,300.0,1375.0,1600.0,1450.0
VARANASI(F&V),19/11/2021,350.0,1350.0,1485.0,1400.0
VARANASI(F&V),20/11/2021,365.0,1300.0,1500.0,1400.0
VARANASI(F&V),21/11/2021,350.0,1300.0,1500.0,1375.0
VARANASI(F&V),22/11/2021,370.0,1300.0,1485.0,1380.0
VARANASI(F&V),23/11/2021,370.0,1300.0,1425.0,1350.0
VARANASI(F&V),24/11/2021,350.0,1300.0,1650.0,1400.0
VARANASI(F&V),25/11/2021,365.0,1300.0,1550.0,1400.0
VARANASI(F&V),26/11/2021,385.0,1250.0,1500.0,1350.0
VARANASI(F&V),27/11/2021,390.0,1200.0,1400.0,1320.0
VARANASI(F&V),28/11/2021,400.0,1175.0,1350.0,1280.0
VARANASI(F&V),29/11/2021,395.0,1150.0,1350.0,1270.0
VARIPAAL,08/11/2021,81.0,500.0,900.0,700.0
VARIPAAL,09/11/2021,34.5,500.0,900.0,700.0
VARIPAAL,10/11/2021,4.0,900.0,1000.0,950.0
VARIPAAL,11/11/2021,23.0,500.0,900.0,700.0
VARIPAAL,12/11/2021,34.0,500.0,900.0,700.0
VARIPAAL,13/11/2021,29.0,500.0,900.0,700.0
VARIPAAL,14/11/2021,13.0,900.0,950.0,920.0
VARIPAAL,15/11/2021,5.0,900.0,950.0,920.0
VARIPAAL,16/11/2021,32.0,500.0,900.0,700.0
VARIPAAL,18/11/2021,16.5,500.0,900.0,700.0
VARIPAAL,19/11/2021,5.5,900.0,930.0,920.0
VARIPAAL,20/11/2021,21.5,900.0,930.0,920.0
VARIPAAL,22/11/2021,5.5,900.0,920.0,910.0
VARIPAAL,23/11/2021,23.0,900.0,930.0,920.0
VARIPAAL,24/11/2021,9.5,900.0,1000.0,950.0
VARIPAAL,25/11/2021,25.0,500.0,800.0,700.0
VARIPAAL,26/11/2021,21.2,800.0,820.0,810.0
VARIPAAL,27/11/2021,29.0,800.0,920.0,900.0
VARIPAAL,28/11/2021,2.2,800.0,1000.0,900.0
VARIPAAL,29/11/2021,13.0,800.0,850.0,820.0
VARIPAAL,30/11/2021,16.5,800.0,820.0,810.0
VILTHARAROAD,01/11/2021,15.0,,,
VILTHARAROAD,02/11/2021,20.0,1400.0,1500.0,1450.0
VILTHARAROAD,03/11/2021,15.0,1400.0,1600.0,1500.0
VILTHARAROAD,08/11/2021,20.0,1400.0,1500.0,1450.0
VILTHARAROAD,09/11/2021,20.0,1300.0,1400.0,1350.0
VILTHARAROAD,11/11/2021,20.0,1300.0,1400.0,1350.0
VILTHARAROAD,15/11/2021,20.0,1300.0,1400.0,1350.0
VILTHARAROAD,16/11/2021,20.0,1400.0,1500.0,1450.0
VILTHARAROAD,17/11/2021,30.0,1400.0,1500.0,1450.0
VILTHARAROAD,18/11/2021,20.0,1400.0,1500.0,1450.0
VILTHARAROAD,20/11/2021,20.0,1400.0,1500.0,1450.0
VILTHARAROAD,22/11/2021,20.0,1400.0,1500.0,1450.0
VILTHARAROAD,23/11/2021,20.0,1300.0,1400.0,1350.0
VILTHARAROAD,24/11/2021,15.0,1300.0,1400.0,1350.0
VILTHARAROAD,25/11/2021,20.0,1200.0,1400.0,1300.0
VILTHARAROAD,26/11/2021,25.0,1200.0,1400.0,1300.0
VILTHARAROAD,27/11/2021,15.0,1300.0,1400.0,1350.0
VILTHARAROAD,29/11/2021,20.0,1200.0,1400.0,1300.0
VILTHARAROAD,30/11/2021,25.0,1300.0,1400.0,1350.0
VISHALPUR,01/11/2021,20.0,1060.0,1220.0,1190.0
VISHALPUR,02/11/2021,50.0,1170.0,1230.0,1200.0
VISHALPUR,05/11/2021,40.0,1210.0,1280.0,1240.0
VISHALPUR,06/11/2021,60.0,1180.0,1240.0,1210.0
VISHALPUR,07/11/2021,40.0,1210.0,1270.0,1240.0
VISHALPUR,08/11/2021,50.0,1220.0,1260.0,1240.0
VISHALPUR,09/11/2021,20.0,1250.0,1310.0,1280.0
VISHALPUR,10/11/2021,20.0,1240.0,1300.0,1270.0
VISHALPUR,11/11/2021,50.0,1220.0,1280.0,1250.0
VISHALPUR,12/11/2021,30.0,1250.0,1310.0,1280.0
VISHALPUR,13/11/2021,25.0,1270.0,1330.0,1300.0
VISHALPUR,14/11/2021,20.0,1250.0,1320.0,1280.0
VISHALPUR,15/11/2021,40.0,1260.0,1320.0,1290.0
VISHALPUR,16/11/2021,25.0,1250.0,1310.0,1280.0
VISHALPUR,17/11/2021,40.0,1270.0,1330.0,1300.0
VISHALPUR,18/11/2021,45.0,1270.0,1330.0,1300.0
VISHALPUR,19/11/2021,20.0,1250.0,1320.0,1290.0
VISHALPUR,20/11/2021,30.0,1260.0,1320.0,1290.0
VISHALPUR,21/11/2021,25.0,1280.0,1330.0,1300.0
VISHALPUR,22/11/2021,50.0,1250.0,1350.0,1300.0
VISHALPUR,23/11/2021,50.0,1280.0,1350.0,1310.0
VISHALPUR,24/11/2021,30.0,1260.0,1320.0,1290.0
VISHALPUR,25/11/2021,50.0,1240.0,1300.0,1270.0
VISHALPUR,26/11/2021,40.0,1250.0,1310.0,1280.0
VISHALPUR,27/11/2021,30.0,1260.0,1320.0,1290.0
VISHALPUR,28/11/2021,20.0,1230.0,1290.0,1260.0
VISHALPUR,29/11/2021,50.0,1240.0,1300.0,1270.0
VISHALPUR,30/11/2021,50.0,1220.0,1280.0,1250.0
WANSI,26/11/2021,113.0,1200.0,1300.0,1250.0
WAZIRGANJ,01/11/2021,9.0,1170.0,1250.0,1210.0
WAZIRGANJ,02/11/2021,13.0,1170.0,1270.0,1220.0
WAZIRGANJ,26/11/2021,18.0,1200.0,1280.0,1240.0
WAZIRGANJ,27/11/2021,16.0,1190.0,1270.0,1230.0
WAZIRGANJ,28/11/2021,14.0,1200.0,1280.0,1240.0
WAZIRGANJ,29/11/2021,12.0,1200.0,1290.0,1245.0
WAZIRGANJ,30/11/2021,15.0,1200.0,1300.0,1250.0
YUSUFPUR,30/11/2021,1300.0,1200.0,1250.0,1230.0
>>>>>>> 6ac9248b3ef33a88bcb4b748e11d3743f40f9979
